0.000000	279.535676
0.250000	272.635696
0.500000	267.435711
0.750000	263.835721
1.000000	260.135732
1.500000	251.535757
2.000000	244.235778
2.500000	237.235799
5.000000	207.835884
6.666667	192.335929
8.666667	178.735968
9.583333	172.735986
12.333333	155.736035
14.333333	100.537187
14.583333	143.736070
16.500000	134.436097
18.500000	125.936122
20.500000	117.736146
22.333333	110.696166
24.333333	104.046185
26.333333	96.436207
28.333333	91.216223
29.583333	88.336231
30.583333	85.336240
31.416667	82.336248
31.666667	81.636250
31.700000	82.236249
31.733333	82.136249
31.766667	82.136249
31.916667	83.236246
32.416667	81.536251
32.916667	79.636256
33.916667	76.536265
34.916667	73.436274
35.916667	70.736282
36.916667	67.736291
37.916667	65.036299
38.333333	57.136395
38.916667	62.636306
39.916667	60.136313
40.916667	57.236321
41.916667	54.936328
42.750000	52.436335
43.000000	53.736331
43.250000	55.136327
43.500000	56.636323
43.750000	58.036319
43.833333	58.536317
44.333333	56.236324
44.750000	58.636317
45.333333	56.136324
45.750000	58.436318
46.400000	56.176324
46.766667	58.106319
47.416667	56.036325
47.783333	61.506309
48.333333	58.346318
48.800000	60.256312
49.333333	57.796320
49.816667	59.616314
50.366667	57.616320
51.750000	58.836317
52.333333	56.636323
52.716667	58.236318
53.000000	56.936322
53.716667	59.336315
54.000000	57.836319
54.683333	58.236318
55.000000	56.836322
55.683333	58.236318
56.000000	56.936322
56.683333	57.236321
57.000000	55.836325
57.683333	56.136324
58.000000	54.736328
58.200000	55.636326
58.500000	54.336330
58.716667	55.236327
59.000000	54.036331
59.716667	54.636329
60.000000	53.336333
60.950000	54.836328
61.200000	53.736331
61.466667	54.836328
61.700000	53.636332
61.966667	54.836328
62.200000	53.636332
62.333333	53.537003
66.033333	54.436329
66.200000	53.536332
67.050000	54.536329
67.150000	54.536329
67.316667	53.536332
67.666667	54.536329
67.833333	53.536332
70.850000	56.016325
71.016667	55.056328
72.850000	54.586329
73.083333	54.386330
74.266667	54.636329
74.500000	53.536332
75.266667	54.436329
75.500000	53.336333
77.000000	53.636332
77.233333	53.206333
78.333333	53.016333
78.500000	52.336335
79.283333	53.336333
79.500000	52.236336
80.500000	52.136336
81.283333	53.036333
81.500000	51.936337
82.283333	52.836334
82.500000	51.836337
83.300000	52.836334
83.500000	51.836337
84.300000	52.836334
84.500000	51.836337
85.300000	52.836334
85.500000	51.836337
86.300000	52.736334
86.333333	51.436793
86.500000	51.736337
87.300000	52.736334
87.500000	51.736337
87.833333	52.546335
88.000000	51.726337
88.350000	52.606335
88.516667	51.836337
88.866667	52.636335
89.033333	51.876337
89.300000	52.686334
89.550000	51.806337
89.816667	52.566335
90.083333	51.726337
90.333333	52.506335
90.500000	51.676337
91.366667	52.556335
91.550000	51.726337
91.816667	52.546335
92.066667	51.616338
95.000000	52.036336
95.233333	51.236339
97.316667	51.796337
97.550000	51.246339
98.800000	51.676337
99.066667	51.076339
100.833333	51.316338
101.083333	50.806340
101.883333	50.676340
102.083333	50.386341
104.850000	51.016339
105.033333	50.656340
108.500000	50.536341
108.816667	51.436338
109.000000	50.536341
109.816667	51.436338
110.000000	50.536341
110.333333	50.536703
110.816667	51.436338
111.000000	50.536341
111.816667	51.436338
112.000000	50.536341
112.816667	51.436338
113.000000	50.536341
113.816667	51.436338
114.000000	50.536341
114.816667	51.436338
115.000000	50.536341
115.816667	51.336338
116.000000	50.436341
118.866667	50.896340
119.033333	50.636340
120.350000	50.836340
120.516667	50.536341
122.300000	50.336341
122.516667	50.336341
124.000000	50.036342
124.316667	50.836340
124.500000	49.936342
125.316667	50.736340
125.500000	49.936342
126.316667	50.636340
126.500000	49.836343
127.333333	50.536341
127.500000	49.736343
128.333333	50.436341
128.500000	49.636343
129.333333	50.436341
129.500000	49.636343
130.333333	50.436341
130.500000	49.636343
131.333333	50.436341
131.500000	49.636343
132.333333	50.436341
132.500000	49.636343
134.333333	49.137208
135.383333	49.956342
135.550000	49.706343
138.000000	49.836343
138.166667	49.636343
139.900000	50.136342
140.066667	49.736343
140.333333	50.036342
140.500000	49.636343
142.833333	49.746343
143.000000	49.366344
144.416667	49.316344
144.583333	49.416344
146.383333	49.136345
146.600000	49.236344
148.333333	49.136345
148.533333	48.836346
150.400000	48.636346
150.566667	48.636346
153.816667	48.596346
154.083333	48.296347
157.450000	48.316347
157.616667	47.786349
158.333333	48.636835
158.833333	47.936348
159.000000	47.646349
161.350000	47.666349
161.533333	47.526349
162.350000	47.926348
162.500000	47.766349
164.350000	48.116348
164.516667	47.936348
166.333333	48.626346
166.500000	48.316347
168.333333	48.716346
168.533333	48.546346
169.866667	48.716346
169.983333	48.556346
171.850000	49.046345
172.016667	48.836346
172.366667	49.236344
172.550000	48.636346
172.833333	49.236344
173.016667	48.736346
173.366667	49.236344
173.550000	48.736346
173.900000	49.336344
173.983333	48.836346
176.383333	49.136345
176.466667	48.936345
178.333333	49.536344
178.516667	49.136345
180.366667	49.336344
180.533333	49.336344
182.333333	50.437015
182.816667	48.036348
182.916667	47.836349
183.500000	48.536346
183.583333	48.336347
184.483333	48.836346
184.650000	48.736346
186.500000	49.036345
186.600000	49.036345
188.483333	49.686343
188.650000	49.636343
190.950000	49.946342
191.133333	50.086342
192.466667	50.466341
192.650000	50.366341
196.400000	51.136339
196.583333	50.636340
197.033333	51.336338
197.916667	51.386338
198.000000	51.086339
200.416667	51.336338
200.600000	51.226339
202.466667	51.436338
202.650000	51.236339
204.500000	51.136339
204.583333	50.936340
206.333333	51.337105
206.450000	51.136339
206.666667	51.436338
208.483333	51.436338
208.583333	51.136339
210.083333	50.036342
210.800000	51.036339
211.000000	50.736340
212.316667	50.836340
212.483333	50.636340
214.350000	51.246339
214.450000	50.816340
215.333333	51.366338
215.516667	50.856340
216.316667	51.456338
216.483333	51.036339
217.400000	51.576338
217.483333	51.196339
219.800000	51.716337
219.966667	51.236339
221.300000	51.856337
221.466667	51.296338
222.816667	51.856337
222.983333	51.466338
223.866667	52.046336
223.966667	51.636337
224.316667	52.006336
224.500000	51.536338
230.333333	51.337105
254.333333	51.436793
278.333333	54.836810
302.333333	56.036930
326.333333	52.436570
350.333333	53.137285
374.333333	58.737200
398.333333	68.536567
422.333333	75.736319
446.333333	69.836375
470.333333	62.236905
494.333333	55.836587
518.333333	52.837255
542.333333	51.536480
566.333333	52.537225
590.333333	50.437015
614.333333	44.936788
638.333333	49.936643
662.333333	54.236750
686.333333	53.537003
710.333333	54.536780
734.333333	58.236828
758.333333	55.037153
782.333333	52.837255
806.333333	52.936943
830.333333	52.736600
854.333333	51.136763
878.333333	52.336883
902.333333	52.036853
926.333333	44.636758
950.333333	46.236595
974.333333	43.937010
998.333333	44.336728
1022.333333	44.436415
1046.333333	44.237040
1070.333333	44.137353
1094.333333	44.137353
1118.333333	44.837100
1142.333333	46.337250
1166.333333	50.936420
1190.333333	50.037298
1214.333333	43.237263
1238.333333	43.136608
1262.333333	46.736968
1286.333333	47.637058
1310.333333	43.537293
1334.333333	43.436638
1358.333333	43.937010
1382.333333	44.636758
1406.333333	47.337028
1430.333333	47.536403
1454.333333	57.636767
1478.333333	55.536557
1502.333333	59.037230
1526.333333	54.336437
1550.333333	51.536480
1574.333333	48.036775
1598.333333	44.436415
1622.333333	42.836578
1646.333333	36.936633
1670.333333	46.937310
1694.333333	56.136617
1718.333333	67.036417
1742.333333	49.336583
1766.333333	38.836500
1790.333333	42.736890
1814.333333	46.637280
1838.333333	48.537148
1862.333333	37.437006
1886.333333	48.936865
1910.333333	47.337028
1934.333333	43.537293
1958.333333	44.837100
1982.333333	43.436638
2006.333333	43.036920
2030.333333	51.136763
2054.333333	51.637135
2078.333333	61.336815
2102.333333	70.136405
2126.333333	64.937175
2150.333333	47.937088
2198.333333	44.736358
2222.333333	42.136365
2246.333333	42.236365
2270.333333	42.736363
2294.333333	43.236362
2342.333333	42.336364
2366.333333	42.536364
2390.333333	41.336367
2414.333333	49.836343
2438.333333	52.336335
