0.000000	207.955631
24.000000	64.715501
48.000000	60.844146
144.000000	57.940630
216.000000	53.101436
288.000000	48.262243
360.000000	47.294404
408.000000	37.616017
480.000000	37.325665
624.000000	36.648178
720.000000	38.777423
792.000000	36.648178
888.000000	36.454610
984.000000	38.487072
1056.000000	36.164259
1128.000000	36.648178
1200.000000	37.809584
1296.000000	36.454610
1392.000000	35.680339
1464.000000	38.583855
1560.000000	37.519233
1632.000000	38.583855
1896.000000	39.551694
2016.000000	36.648178
2208.000000	38.487072
2304.000000	38.583855
2400.000000	38.583855
2520.000000	38.583855
2616.000000	38.777423
2712.000000	38.583855
2880.000000	38.583855
2976.000000	37.616017
3072.000000	37.616017
3240.000000	37.616017
3504.000000	39.551694
3552.000000	38.583855
3576.000000	38.583855
3648.000000	37.616017
3720.000000	37.616017
3816.000000	37.616017
3840.000000	37.616017
3864.000000	38.583855
3888.000000	38.583855
3912.000000	38.583855
3936.000000	38.583855
3960.000000	38.680639
3984.000000	38.680639
4008.000000	38.680639
4032.000000	38.583855
4056.000000	38.583855
4080.000000	38.583855
4104.000000	38.583855
4128.000000	38.583855
4152.000000	38.583855
4176.000000	38.583855
4200.000000	38.583855
4224.000000	38.583855
4248.000000	38.583855
4272.000000	38.583855
4296.000000	38.583855
4320.000000	38.583855
4344.000000	39.551694
4368.000000	39.551694
4392.000000	39.551694
4416.000000	39.551694
4440.000000	39.551694
4464.000000	39.551694
4488.000000	40.519533
4512.000000	40.519533
4536.000000	40.519533
4560.000000	40.519533
4584.000000	40.519533
4608.000000	40.519533
4632.000000	40.519533
4656.000000	40.519533
4680.000000	37.616017
4704.000000	37.616017
4728.000000	37.616017
4752.000000	37.616017
4776.000000	37.616017
4800.000000	37.228881
4824.000000	37.228881
4848.000000	37.228881
4872.000000	37.228881
4896.000000	37.228881
4920.000000	37.228881
4944.000000	37.228881
4968.000000	37.228881
4992.000000	38.583855
5016.000000	38.583855
5040.000000	38.583855
5064.000000	38.583855
5088.000000	38.583855
5112.000000	38.583855
5136.000000	38.583855
5160.000000	39.551694
5184.000000	39.551694
5208.000000	39.551694
5232.000000	39.551694
5256.000000	39.551694
5280.000000	39.551694
5304.000000	39.551694
5328.000000	39.551694
5352.000000	39.551694
5376.000000	39.551694
5400.000000	39.551694
5424.000000	39.551694
5448.000000	39.551694
5472.000000	39.551694
5496.000000	37.616017
5520.000000	37.616017
5544.000000	37.616017
5568.000000	37.616017
5592.000000	37.616017
5616.000000	37.616017
5640.000000	37.616017
5664.000000	37.616017
5688.000000	37.616017
5712.000000	37.616017
5736.000000	37.616017
5760.000000	37.616017
5784.000000	37.616017
5808.000000	37.616017
5832.000000	37.616017
5856.000000	37.616017
5880.000000	36.648178
5904.000000	36.648178
5928.000000	36.648178
5952.000000	36.648178
5976.000000	36.648178
6000.000000	36.648178
6024.000000	36.648178
6048.000000	36.648178
6072.000000	36.648178
6096.000000	36.648178
6120.000000	36.648178
6144.000000	36.648178
6168.000000	39.551694
6192.000000	39.551694
6216.000000	39.551694
6240.000000	39.551694
6264.000000	39.551694
6288.000000	39.551694
6312.000000	39.551694
6336.000000	39.551694
6360.000000	39.551694
6384.000000	39.551694
6408.000000	39.551694
6432.000000	39.551694
6456.000000	39.551694
6480.000000	39.551694
6504.000000	39.551694
6528.000000	39.551694
6552.000000	39.551694
6576.000000	39.551694
6600.000000	39.551694
6624.000000	39.551694
6648.000000	39.551694
6672.000000	39.551694
6696.000000	39.551694
6720.000000	39.551694
6744.000000	39.551694
6768.000000	38.583855
6792.000000	38.583855
6816.000000	38.583855
6840.000000	38.583855
6864.000000	38.583855
6888.000000	38.583855
6912.000000	37.616017
6936.000000	37.616017
6960.000000	37.616017
6984.000000	37.616017
7008.000000	37.616017
7032.000000	38.583855
7056.000000	38.583855
7080.000000	38.583855
7104.000000	38.583855
7128.000000	38.583855
7152.000000	38.583855
7176.000000	38.583855
7200.000000	38.583855
7224.000000	38.583855
7248.000000	38.583855
7272.000000	38.583855
7296.000000	38.583855
7320.000000	38.583855
7344.000000	38.583855
7368.000000	38.583855
7392.000000	38.583855
7416.000000	38.583855
7440.000000	38.583855
7464.000000	38.583855
7488.000000	38.583855
7512.000000	38.583855
7536.000000	38.583855
7560.000000	38.583855
7584.000000	38.583855
7608.000000	38.583855
7632.000000	38.583855
7656.000000	38.583855
7680.000000	38.583855
7704.000000	38.583855
7728.000000	38.583855
7752.000000	38.583855
7776.000000	38.583855
7800.000000	38.583855
7824.000000	40.519533
7848.000000	40.519533
7872.000000	40.519533
7896.000000	40.519533
7920.000000	40.519533
7944.000000	40.519533
7968.000000	40.519533
7992.000000	40.519533
8016.000000	40.519533
8040.000000	40.519533
8064.000000	40.519533
8088.000000	40.519533
8112.000000	40.519533
8136.000000	40.519533
8160.000000	40.519533
8184.000000	40.519533
8208.000000	40.519533
8232.000000	40.519533
8256.000000	40.519533
8280.000000	40.519533
8304.000000	40.519533
8328.000000	40.519533
8352.000000	40.519533
8376.000000	37.616017
8400.000000	37.616017
8424.000000	37.616017
8448.000000	37.616017
8472.000000	37.616017
8496.000000	37.616017
8520.000000	37.616017
8544.000000	38.583855
8568.000000	38.583855
8592.000000	38.583855
8616.000000	38.583855
8640.000000	38.583855
8664.000000	38.583855
8688.000000	37.616017
8712.000000	37.616017
8736.000000	37.616017
8760.000000	36.648178
8784.000000	36.648178
8808.000000	36.648178
8832.000000	36.648178
8856.000000	36.648178
8880.000000	36.648178
8904.000000	36.648178
8928.000000	36.648178
8952.000000	36.648178
8976.000000	36.648178
9000.000000	36.648178
9024.000000	37.616017
9048.000000	37.616017
9072.000000	37.616017
9096.000000	37.616017
9120.000000	37.616017
9144.000000	37.616017
9168.000000	37.616017
9192.000000	37.616017
9216.000000	37.616017
9240.000000	37.616017
9264.000000	37.616017
9288.000000	37.616017
9312.000000	37.616017
9336.000000	37.616017
9360.000000	37.616017
9384.000000	37.616017
9408.000000	37.616017
9432.000000	37.616017
9456.000000	37.616017
9480.000000	37.616017
9504.000000	37.616017
9528.000000	37.616017
9552.000000	37.616017
9576.000000	37.616017
9600.000000	37.616017
9624.000000	37.616017
9648.000000	37.616017
9672.000000	37.616017
9696.000000	37.616017
9720.000000	37.616017
9744.000000	37.616017
9768.000000	37.616017
9792.000000	37.616017
9816.000000	37.616017
9840.000000	38.583855
9876.000000	39.645091
9901.000000	39.645091
9926.000000	39.645091
9951.000000	39.645091
9976.000000	39.645091
10001.000000	39.645091
10017.478333	39.645091
10017.689722	39.645091
10017.942500	39.645091
10018.211944	39.645091
10018.424722	39.645091
10018.682778	39.645091
10018.966111	39.645091
10019.261389	39.645091
10019.471944	39.645091
10019.697778	39.645091
10019.956944	39.645091
10020.246389	39.645091
10020.469444	39.645091
10020.680833	39.645091
10020.953611	39.645091
10021.253889	39.645091
10021.500000	39.645091
10021.744722	39.645091
10021.947222	39.645091
10022.234167	39.645091
10022.444167	39.645091
10022.659444	39.645091
10022.880833	39.645091
10023.197500	39.645091
10023.599444	39.645091
10023.809722	39.645091
10024.082222	39.645091
10024.347222	39.645091
10024.602778	39.645091
10024.821667	39.645091
10025.136944	39.645091
10025.357500	39.645091
10025.623611	39.645091
10025.888333	39.645091
10026.000000	39.645091
10026.195000	39.645091
10026.421944	39.645091
10026.693611	39.645091
10026.926944	39.645091
10027.188889	39.645091
10027.454167	39.645091
10027.692222	39.645091
10027.928056	39.645091
10028.204722	39.645091
10028.414167	39.645091
10028.683333	39.645091
10028.965000	39.645091
10029.246944	39.645091
10029.506944	39.645091
10029.783889	39.645091
10030.065000	39.645091
10030.269444	39.645091
10030.482778	39.645091
10030.742500	39.645091
10030.940556	39.645091
10031.197500	39.645091
10031.414444	39.645091
10031.664444	39.645091
10031.882500	39.645091
10032.203333	39.645091
10032.419167	39.645091
10032.681389	39.645091
10032.958611	39.645091
10033.254167	39.645091
10033.470833	39.645091
10033.694167	39.645091
10033.943333	39.645091
10034.193889	39.645091
10034.418056	39.645091
10034.680833	39.645091
10034.936667	39.645091
10035.206944	39.645091
10035.439167	39.645091
10035.681944	39.645091
10035.962778	39.645091
10036.263611	39.645091
10036.477778	39.645091
10036.687778	39.645091
10036.949722	39.645091
10037.260000	39.645091
10037.481111	39.645091
10037.775278	39.645091
10038.071111	39.645091
10038.281111	39.645091
10038.543333	39.645091
10038.757500	39.645091
10039.075278	39.645091
10039.290556	39.645091
10039.564722	39.645091
10039.811667	39.645091
10040.074444	39.645091
10040.282778	39.645091
10040.558333	39.645091
10040.818056	39.645091
10041.125278	39.645091
10041.326111	39.645091
10041.533056	39.645091
10041.756389	39.645091
10042.068333	39.645091
10042.290556	39.645091
10042.565556	39.645091
10042.825833	39.645091
10043.130000	39.645091
10043.346667	39.645091
10043.597778	39.645091
10043.800833	39.645091
10044.066389	39.645091
10044.271111	39.645091
10044.491667	39.645091
10044.757222	39.645091
10045.070833	39.645091
10045.282778	39.645091
10045.546389	39.645091
10045.821111	39.645091
10046.118889	43.645071
10046.349722	51.645033
10046.597778	60.645062
10046.793333	68.645023
10047.001389	73.644974
10047.274167	80.644965
10047.601667	87.644955
10047.851389	92.645004
10048.138333	97.644955
10048.344444	100.644965
10048.568333	103.644878
10048.815556	107.644955
10049.133333	112.644810
10049.348889	114.645333
10049.629444	117.644665
10049.877222	119.645187
10050.135556	122.644520
10050.336667	123.645265
10050.551111	125.644820
10050.811111	127.645342
10051.067222	128.645120
10051.286111	130.644674
10051.540278	131.644452
10051.753889	132.645197
10052.002222	134.644752
10052.259167	135.644529
10052.469444	136.645275
10052.679722	137.645052
10052.966111	138.644829
10053.248056	139.644607
10053.470278	140.644384
10053.683056	141.645129
10053.950000	142.644907
10054.268056	142.644907
10054.475000	143.644684
10054.705833	143.644684
10054.951111	144.644462
10055.266667	145.645207
10055.490000	145.645207
10055.758333	145.645207
10056.059167	146.644984
10056.278889	146.644984
10056.493889	147.644762
10056.757222	147.644762
10057.088889	148.644539
10057.332500	148.644539
10057.556944	148.644539
10057.823333	148.644539
10058.121667	149.645284
10058.356389	149.645284
10058.610833	149.645284
10058.811944	150.645062
10059.076111	150.645062
10059.293889	150.645062
10059.562778	150.645062
10059.797778	150.645062
10060.071389	151.644839
10060.278056	151.644839
10060.498333	151.644839
10060.737500	151.644839
10060.941389	151.644839
10061.205000	152.644616
10061.428056	152.644616
10061.694722	152.644616
10062.215278	152.644616
10062.485556	152.644616
10062.744722	153.644394
10062.964167	153.644394
10063.253611	153.644394
10063.468889	153.644394
10063.693056	153.644394
10063.941944	153.644394
10064.197222	154.645139
10064.397222	154.645139
10064.616389	154.645139
10064.868611	154.645139
10065.123056	154.645139
10065.332778	154.645139
10065.561111	154.645139
10065.806111	154.645139
10066.062500	155.644916
10066.276944	155.644916
10066.498333	155.644916
10066.744444	155.644916
10066.973056	155.644916
10067.251667	155.644916
10067.493333	155.644916
10067.728333	155.644916
10067.940000	155.644916
10068.212500	156.644694
10068.468056	156.644694
10068.683333	156.644694
10068.946111	156.644694
10069.255000	156.644694
10069.495000	156.644694
10069.757778	156.644694
10070.058889	156.644694
10070.273333	156.644694
10070.485833	156.644694
10070.750556	156.644694
10071.052500	157.644471
10071.275833	157.644471
10071.632778	157.644471
10071.888611	157.644471
10072.216389	157.644471
10072.473056	157.644471
10072.673611	157.644471
10072.876111	157.644471
10073.145833	157.644471
10073.410000	157.644471
10073.599722	158.645216
10073.820278	158.645216
10074.153889	158.645216
10074.402778	158.645216
10074.616111	159.644994
10074.875000	159.644994
10075.145556	159.644994
10075.353611	159.644994
10075.633889	160.644771
10075.893611	160.644771
10076.191389	160.644771
10076.400000	161.644549
10076.620000	161.644549
10076.870833	161.644549
10077.140278	161.644549
10077.344444	162.644326
10077.546111	162.644326
10077.814444	162.644326
10078.123889	162.644326
10078.324722	162.644326
10078.541111	162.644326
10078.754167	162.644326
10079.001944	163.645071
10079.263333	163.645071
10079.485833	163.645071
10079.753056	163.645071
10079.993611	163.645071
10080.255278	163.645071
10080.474444	163.645071
10080.685556	163.645071
10080.950000	163.645071
10081.253611	163.645071
10081.482778	163.645071
10081.748056	163.645071
10082.002500	163.645071
10082.263333	163.645071
10082.461944	164.644849
10082.676944	164.644849
10082.899444	164.644849
10083.181389	164.644849
10083.440000	164.644849
10083.676944	164.644849
10083.889722	164.644849
10084.200278	164.644849
10084.402778	164.644849
10084.611944	164.644849
10084.888889	164.644849
10085.187778	164.644849
10085.392222	164.644849
10085.586667	164.644849
10085.805278	164.644849
10086.071111	164.644849
10086.292500	164.644849
10086.532778	164.644849
10086.743056	164.644849
10086.950278	164.644849
10087.235556	164.644849
10087.460278	164.644849
10087.656111	164.644849
10087.874167	164.644849
10088.131389	164.644849
10088.335278	164.644849
10088.541111	164.644849
10088.756667	164.644849
10088.976111	164.644849
10089.234722	164.644849
10089.451111	164.644849
10089.659444	164.644849
10089.870556	164.644849
10090.120278	164.644849
10090.362778	164.644849
10090.590000	164.644849
10090.824444	164.644849
10091.129167	164.644849
10091.332222	164.644849
10091.541944	164.644849
10091.748333	164.644849
10091.996667	164.644849
10092.272222	164.644849
10092.478889	164.644849
10092.752500	164.644849
10093.082500	164.644849
10093.355000	164.644849
10093.610000	164.644849
10093.825000	164.644849
10094.117778	164.644849
10094.360000	164.644849
10094.611944	164.644849
10094.861111	164.644849
10095.122778	164.644849
10095.594167	164.644849
10095.705556	164.644849
10095.969167	164.644849
10096.260556	164.644849
10096.466667	164.644849
10096.678889	164.644849
10096.933889	164.644849
10097.203889	164.644849
10097.417500	164.644849
10097.669444	164.644849
10097.880833	164.644849
10098.178889	164.644849
10098.411111	164.644849
10098.612778	164.644849
10098.871389	164.644849
10099.133889	164.644849
10099.344444	164.644849
10099.565556	164.644849
10099.810833	164.644849
10100.080556	164.644849
10100.341111	164.644849
10100.540833	164.644849
10100.742500	164.644849
10100.946389	164.644849
10101.228889	164.644849
10101.439722	164.644849
10101.642500	164.644849
10101.874444	164.644849
10102.130833	164.644849
10102.341389	164.644849
10102.541111	164.644849
10102.763333	164.644849
10103.058889	164.644849
10103.270278	164.644849
10103.482222	164.644849
10103.728333	164.644849
10103.937222	164.644849
10104.187778	164.644849
10104.396389	164.644849
10104.600833	164.644849
10104.805000	164.644849
10105.065833	164.644849
10105.267778	164.644849
10105.483611	164.644849
10105.746389	164.644849
10106.058056	164.644849
10106.262778	164.644849
10106.468889	164.644849
10106.677500	164.644849
10106.867500	164.644849
10107.127500	164.644849
10107.338611	164.644849
10107.535556	164.644849
10107.749167	164.644849
10108.058333	164.644849
10108.262500	164.644849
10108.467500	164.644849
10108.676667	164.644849
10108.883056	164.644849
10109.191389	164.644849
10109.391111	164.644849
10109.607222	164.644849
10109.812500	164.644849
10110.108333	164.644849
10110.358889	164.644849
10110.614722	164.644849
10110.879444	164.644849
10111.427222	165.644626
10111.701667	165.644626
10111.975278	165.644626
10112.275833	165.644626
10112.496667	165.644626
10112.766667	165.644626
10113.100556	165.644626
10113.358611	165.644626
10113.643056	165.644626
10113.894444	165.644626
10114.193056	165.644626
10114.444444	165.644626
10114.680278	165.644626
10114.887500	165.644626
10115.349444	165.644626
10115.561111	165.644626
10115.834722	165.644626
10116.135000	165.644626
10116.355833	165.644626
10116.562222	165.644626
10116.806389	165.644626
10117.066389	165.644626
10117.280833	165.644626
10117.510278	165.644626
10117.775556	165.644626
10118.093611	165.644626
10118.353056	165.644626
10118.569722	165.644626
10118.811111	165.644626
10119.059167	165.644626
10119.634167	165.644626
10119.694444	165.644626
10119.958889	165.644626
10120.244444	165.644626
10120.491111	165.644626
10120.778333	165.644626
10121.062500	165.644626
10121.301111	165.644626
10121.560556	165.644626
10121.846667	165.644626
10122.135833	165.644626
10122.353611	165.644626
10122.560278	165.644626
10122.825278	165.644626
10123.151111	165.644626
10123.363889	165.644626
10123.625278	165.644626
10123.910000	165.644626
10124.227500	165.644626
10124.511944	165.644626
10124.769167	166.644403
10125.086389	166.644403
10125.300278	166.644403
10125.559167	166.644403
10125.833333	166.644403
10126.146944	166.644403
10126.364444	166.644403
10126.635556	166.644403
10126.885278	166.644403
10127.116667	166.644403
10127.330278	166.644403
10127.544167	166.644403
10127.761667	166.644403
10128.062500	166.644403
10128.297778	166.644403
10128.548889	166.644403
10128.755556	166.644403
10128.966389	166.644403
10129.235000	166.644403
10129.488611	165.644626
10129.694444	165.644626
10129.958889	165.644626
10130.254722	165.644626
10130.483889	165.644626
10130.689444	165.644626
10130.905556	165.644626
10131.219722	165.644626
10131.438889	165.644626
10131.700278	165.644626
10131.950833	165.644626
10132.218611	165.644626
10132.432778	165.644626
10132.687778	165.644626
10132.896111	165.644626
10133.227778	165.644626
10133.501111	165.644626
10133.756111	166.644403
10133.975556	166.644403
10134.272778	166.644403
10134.482778	166.644403
10134.697500	166.644403
10134.960833	166.644403
10135.269444	166.644403
10135.476667	166.644403
10135.693889	166.644403
10135.952222	166.644403
10136.200000	166.644403
10136.409722	166.644403
10136.625000	166.644403
10136.874722	166.644403
10137.145833	166.644403
10137.363333	166.644403
10137.624167	166.644403
10137.852778	166.644403
10138.141944	166.644403
10138.367500	166.644403
10138.628611	166.644403
10138.879444	166.644403
10139.148333	166.644403
10139.352222	166.644403
10139.568333	166.644403
10139.817778	166.644403
10140.073611	166.644403
10140.279722	166.644403
10140.503333	166.644403
10140.759167	166.644403
10141.069167	166.644403
10141.281944	166.644403
10141.494167	166.644403
10141.741389	166.644403
10141.956667	166.644403
10142.179167	167.645149
10142.406667	167.645149
10142.618333	167.645149
10142.839444	167.645149
10143.135000	167.645149
10143.640278	167.645149
10143.740278	167.645149
10143.960278	167.645149
10144.267500	167.645149
10144.481944	167.645149
10144.690833	167.645149
10144.912222	167.645149
10145.170833	167.645149
10145.436667	167.645149
10145.690278	167.645149
10145.915833	167.645149
10146.197778	167.645149
10146.458611	167.645149
10146.679444	167.645149
10146.886111	167.645149
10147.136667	167.645149
10147.347222	167.645149
10147.555278	167.645149
10147.764444	167.645149
10148.066944	167.645149
10148.275833	167.645149
10148.490000	167.645149
10148.701111	167.645149
10148.955278	167.645149
10149.208889	167.645149
10149.423333	167.645149
10149.631111	167.645149
10149.895000	167.645149
10150.204722	167.645149
10150.431389	167.645149
10150.693889	167.645149
10150.948611	167.645149
10151.226944	167.645149
10151.496944	167.645149
10151.765833	167.645149
10152.090278	168.644926
10152.309722	168.644926
10152.566667	168.644926
10152.830000	168.644926
10153.154444	168.644926
10153.366389	168.644926
10153.633056	168.644926
10153.891111	168.644926
10154.215833	168.644926
10154.413056	168.644926
10154.618889	168.644926
10154.831389	168.644926
10155.139444	168.644926
10155.344167	168.644926
10155.557222	168.644926
10155.813056	168.644926
10156.067222	168.644926
10156.283611	168.644926
10156.496667	168.644926
10156.768056	168.644926
10157.078056	168.644926
10157.295833	168.644926
10157.554167	168.644926
10157.769167	168.644926
10158.098333	168.644926
10158.353056	168.644926
10158.573889	168.644926
10158.831389	168.644926
10159.141944	168.644926
10159.366111	168.644926
10159.640000	168.644926
10159.888889	168.644926
10160.151667	168.644926
10160.326111	168.644926
10160.540833	169.644703
10160.746667	169.644703
10160.961944	169.644703
10161.269722	169.644703
10161.473889	169.644703
10161.687222	169.644703
10161.905278	169.644703
10162.218611	169.644703
10162.426944	169.644703
10162.688056	169.644703
10162.906944	169.644703
10163.220833	169.644703
10163.440833	169.644703
10163.695833	169.644703
10163.959167	169.644703
10164.278611	169.644703
10164.489444	169.644703
10164.706667	169.644703
10164.957778	169.644703
10165.250000	169.644703
10165.502778	169.644703
10165.745000	169.644703
10165.977778	168.644926
10166.270000	149.645284
10166.484167	138.644829
10166.696389	131.644452
10166.948333	123.645265
10167.210833	115.645110
10177.000000	39.645091
10202.000000	39.645091
10227.000000	39.645091
10252.000000	41.645129
10277.000000	41.645129
10302.000000	41.645129
10327.000000	41.645129
10352.000000	41.645129
10377.000000	41.645129
10402.000000	41.645129
10427.000000	40.645062
10452.000000	40.645062
10477.000000	40.645062
10502.000000	40.645062
10527.000000	40.645062
10552.000000	40.645062
10577.000000	40.645062
10602.000000	40.645062
10627.000000	39.645091
10652.000000	39.645091
10677.000000	39.645091
10702.000000	39.645091
10727.000000	39.645091
10728.000000	39.645091
10753.000000	39.645091
10778.000000	40.345128
10803.000000	40.345128
10828.000000	40.345128
10853.000000	39.645091
10878.000000	39.645091
10903.000000	39.645091
10928.000000	39.645091
10953.000000	39.645091
10978.000000	39.645091
11003.000000	39.645091
11028.000000	39.645091
11053.000000	39.645091
11078.000000	39.645091
11103.000000	39.645091
11128.000000	39.645091
11153.000000	39.645091
11178.000000	37.645149
11203.000000	37.645149
11228.000000	37.645149
11253.000000	37.645149
11278.000000	37.645149
11303.000000	37.645149
11304.000000	37.645149
11329.000000	37.645149
11354.000000	37.645149
11379.000000	37.645149
11404.000000	39.645091
11429.000000	39.645091
11454.000000	39.645091
11479.000000	39.645091
11504.000000	39.645091
11529.000000	39.645091
11554.000000	38.645120
11579.000000	39.645091
11604.000000	39.645091
11629.000000	39.645091
11654.000000	39.645091
11679.000000	39.645091
11704.000000	39.645091
11729.000000	39.645091
11754.000000	39.645091
11779.000000	38.645120
11804.000000	38.645120
11829.000000	38.645120
11854.000000	38.645120
11879.000000	38.645120
11880.000000	39.645091
11905.000000	39.645091
11930.000000	38.645120
11955.000000	38.645120
11980.000000	38.645120
12005.000000	38.645120
12030.000000	37.645149
12055.000000	37.645149
12080.000000	37.645149
12105.000000	37.645149
12130.000000	37.645149
12155.000000	37.645149
12180.000000	37.645149
12205.000000	38.645120
12230.000000	38.645120
12255.000000	38.645120
12280.000000	38.645120
12305.000000	38.645120
12330.000000	38.645120
12355.000000	38.645120
12380.000000	38.645120
12405.000000	38.645120
12430.000000	38.645120
12455.000000	38.645120
12456.000000	38.645120
12481.000000	38.645120
12506.000000	38.645120
12531.000000	38.645120
12556.000000	38.645120
12581.000000	38.645120
12606.000000	38.645120
12631.000000	38.645120
12656.000000	38.645120
12681.000000	38.645120
12706.000000	38.645120
12731.000000	38.645120
12756.000000	38.645120
12781.000000	38.645120
12806.000000	38.645120
12831.000000	38.645120
12856.000000	38.645120
12881.000000	38.645120
12906.000000	38.645120
12931.000000	38.645120
12956.000000	38.645120
12981.000000	38.645120
13006.000000	37.645149
13031.000000	37.645149
13032.000000	37.645149
13057.000000	37.645149
13082.000000	37.645149
13107.000000	37.645149
13132.000000	37.645149
13157.000000	37.645149
13182.000000	37.645149
13207.000000	37.645149
13232.000000	37.645149
13257.000000	37.645149
13282.000000	37.645149
13307.000000	37.645149
13332.000000	37.645149
13357.000000	37.645149
13382.000000	37.645149
13407.000000	37.645149
13432.000000	37.645149
13457.000000	38.645120
13482.000000	38.645120
13507.000000	38.645120
13532.000000	38.645120
13557.000000	38.645120
13582.000000	40.645062
13607.000000	40.645062
13608.000000	40.645062
13633.000000	40.645062
13658.000000	40.645062
13683.000000	40.645062
13708.000000	40.645062
13733.000000	40.645062
13758.000000	40.645062
13783.000000	40.645062
13808.000000	40.645062
13833.000000	40.645062
13858.000000	40.645062
13883.000000	40.645062
13908.000000	40.645062
13933.000000	40.645062
13958.000000	40.645062
13983.000000	40.645062
14008.000000	40.645062
14033.000000	39.645091
14058.000000	39.645091
14083.000000	39.645091
14108.000000	39.645091
14133.000000	39.645091
14158.000000	40.645062
14183.000000	40.645062
14184.000000	40.645062
14209.000000	40.645062
14234.000000	40.645062
14259.000000	39.645091
14284.000000	39.645091
14309.000000	39.645091
14334.000000	39.645091
14359.000000	39.645091
14384.000000	41.545055
14409.000000	41.545055
14434.000000	41.545055
14459.000000	41.545055
14484.000000	41.545055
14509.000000	40.645062
14534.000000	40.645062
14559.000000	39.645091
14584.000000	39.645091
14609.000000	39.645091
14634.000000	39.645091
14659.000000	39.645091
14684.000000	39.645091
14709.000000	39.645091
14734.000000	39.645091
14759.000000	39.645091
14760.000000	39.645091
14785.000000	39.645091
14810.000000	39.645091
14835.000000	39.645091
14860.000000	39.645091
14885.000000	39.645091
14910.000000	39.645091
14935.000000	40.645062
14960.000000	40.645062
14985.000000	40.645062
15010.000000	40.645062
15035.000000	40.645062
15060.000000	40.645062
15085.000000	40.645062
15110.000000	40.645062
15135.000000	40.645062
15160.000000	40.645062
15185.000000	40.645062
15210.000000	40.645062
15235.000000	40.645062
15260.000000	40.645062
15285.000000	40.645062
15310.000000	40.645062
15335.000000	40.645062
15336.000000	40.645062
15361.000000	40.645062
15386.000000	42.645100
15411.000000	41.545055
15436.000000	41.545055
15461.000000	41.545055
15486.000000	41.545055
15511.000000	42.145115
15536.000000	42.145115
15561.000000	42.045137
15586.000000	41.645129
15611.000000	41.645129
15636.000000	41.645129
15661.000000	41.645129
15686.000000	41.645129
15711.000000	42.645100
15736.000000	42.645100
15761.000000	42.545123
15786.000000	42.545123
15811.000000	42.545123
15836.000000	42.545123
15861.000000	42.545123
15886.000000	42.545123
15911.000000	42.545123
15912.000000	42.545123
15937.000000	42.545123
15962.000000	42.545123
15987.000000	42.545123
16012.000000	42.545123
16037.000000	42.545123
16062.000000	42.545123
16087.000000	42.545123
16112.000000	42.545123
16137.000000	42.545123
16162.000000	42.545123
16187.000000	42.545123
