0.000000	54.171661
24.000000	54.171661
48.000000	53.881309
72.000000	53.107038
96.000000	53.107038
120.000000	53.107038
144.000000	53.010254
168.000000	53.107038
192.000000	53.010254
216.000000	53.010254
240.000000	53.107038
264.000000	53.010254
288.000000	52.913470
312.000000	52.913470
336.000000	52.913470
360.000000	52.816686
384.000000	52.816686
408.000000	53.010254
432.000000	53.107038
456.000000	53.107038
480.000000	53.107038
504.000000	53.010254
528.000000	53.010254
552.000000	53.010254
576.000000	53.107038
600.000000	53.203822
624.000000	53.203822
648.000000	53.203822
672.000000	53.203822
696.000000	53.397390
720.000000	53.590957
744.000000	53.590957
768.000000	53.590957
792.000000	53.494173
816.000000	53.590957
840.000000	53.784525
864.000000	53.881309
888.000000	53.687741
912.000000	53.687741
936.000000	53.784525
960.000000	53.784525
984.000000	53.784525
1008.000000	53.978093
1032.000000	53.881309
1056.000000	53.784525
1080.000000	53.784525
1104.000000	53.687741
1128.000000	53.687741
1152.000000	53.881309
1176.000000	53.784525
1200.000000	53.881309
1224.000000	53.978093
1248.000000	53.978093
1272.000000	53.881309
1296.000000	53.978093
1320.000000	53.978093
1344.000000	54.074877
1368.000000	54.074877
1392.000000	54.074877
1416.000000	53.784525
1440.000000	53.590957
1464.000000	53.494173
1488.000000	53.494173
1512.000000	53.203822
1536.000000	53.203822
1560.000000	53.107038
1584.000000	53.107038
1608.000000	53.010254
1632.000000	53.107038
1656.000000	53.010254
1680.000000	53.107038
1704.000000	53.010254
1728.000000	53.010254
1752.000000	53.010254
1776.000000	53.010254
1800.000000	52.913470
1824.000000	53.010254
1848.000000	53.010254
1872.000000	53.010254
1896.000000	53.010254
1920.000000	53.010254
1944.000000	52.913470
1968.000000	52.913470
1992.000000	52.913470
2016.000000	53.010254
2040.000000	52.913470
2064.000000	53.010254
2088.000000	53.010254
2112.000000	53.010254
2136.000000	53.010254
2160.000000	53.107038
2184.000000	53.107038
2208.000000	53.107038
2232.000000	53.203822
2256.000000	53.203822
2280.000000	53.203822
2304.000000	53.300606
2328.000000	53.397390
2352.000000	86.691042
2376.000000	154.149400
2400.000000	194.121139
2424.000000	210.187262
2448.000000	218.510675
2472.000000	223.640220
2496.000000	227.124440
2520.000000	229.834388
2544.000000	231.866849
2568.000000	233.512175
2592.000000	234.867149
2616.000000	235.931772
2640.000000	236.899611
2664.000000	237.770666
2688.000000	238.544937
2712.000000	239.222424
2736.000000	239.803127
2760.000000	240.383830
2784.000000	240.867750
2808.000000	241.254885
2832.000000	241.642021
2856.000000	242.029156
2880.000000	242.416291
2904.000000	242.706643
2928.000000	242.996995
2952.000000	243.287346
2976.000000	243.577698
3000.000000	243.868050
3024.000000	244.061617
3048.000000	244.255185
3072.000000	244.448753
3096.000000	244.642321
3120.000000	244.835888
3144.000000	245.029456
3168.000000	245.223024
3192.000000	245.416592
3216.000000	245.610159
3240.000000	245.706943
3264.000000	245.900511
3288.000000	246.094079
3312.000000	246.190862
3336.000000	246.384430
3360.000000	246.481214
3384.000000	246.674782
3408.000000	246.771566
3432.000000	246.868350
3456.000000	246.965133
3480.000000	223.737004
3504.000000	118.629719
3528.000000	98.692242
3552.000000	92.014154
3576.000000	87.465313
3600.000000	84.755364
3624.000000	83.400390
3648.000000	82.335767
3672.000000	82.238983
3696.000000	81.077577
3720.000000	80.012954
3744.000000	79.335467
3768.000000	78.851548
3792.000000	78.561196
3816.000000	78.270845
3840.000000	78.077277
3864.000000	78.077277
3888.000000	77.690141
3912.000000	117.855448
3936.000000	85.529635
3960.000000	78.851548
3984.000000	74.883409
4008.000000	72.850948
4032.000000	71.979893
4056.000000	71.302406
4080.000000	71.012054
4104.000000	71.302406
4128.000000	71.012054
4152.000000	70.624919
4176.000000	69.947432
4200.000000	69.850648
4224.000000	69.753864
4248.000000	69.560296
4272.000000	69.657080
4296.000000	69.463512
4320.000000	69.269945
4344.000000	69.366728
4368.000000	69.560296
4392.000000	69.947432
4416.000000	70.140999
4440.000000	70.334567
4464.000000	68.011754
4488.000000	66.656780
4512.000000	65.979293
4536.000000	64.043616
4560.000000	62.301506
4584.000000	61.043315
4608.000000	71.495974
4632.000000	77.690141
4656.000000	66.076077
4680.000000	62.398290
4704.000000	60.559396
4728.000000	59.397990
4752.000000	58.623719
4776.000000	58.043015
4800.000000	57.365528
4824.000000	57.171961
4848.000000	57.268744
4872.000000	57.462312
4896.000000	57.462312
4920.000000	58.720503
4944.000000	61.043315
4968.000000	58.914070
4992.000000	57.849448
5016.000000	56.591257
5040.000000	55.913770
5064.000000	55.623419
5088.000000	55.429851
5112.000000	54.752364
5136.000000	54.268444
5160.000000	53.978093
5184.000000	54.074877
5208.000000	54.365228
5232.000000	54.558796
5256.000000	53.978093
5280.000000	53.881309
5304.000000	53.881309
5328.000000	53.978093
5352.000000	54.171661
5376.000000	54.074877
5400.000000	53.978093
5424.000000	53.881309
5448.000000	53.784525
5472.000000	71.205622
5496.000000	63.656480
5520.000000	60.462612
5544.000000	58.526935
5568.000000	57.559096
5592.000000	56.591257
5616.000000	56.300906
5640.000000	55.816986
5664.000000	55.526635
5688.000000	55.429851
5712.000000	55.236283
5736.000000	55.042715
5760.000000	54.849148
5784.000000	54.752364
5808.000000	54.752364
5832.000000	54.849148
5856.000000	54.945932
5880.000000	54.752364
5904.000000	54.655580
5928.000000	54.558796
5952.000000	54.365228
5976.000000	54.365228
6000.000000	54.268444
6024.000000	56.591257
6048.000000	55.913770
6072.000000	55.042715
6096.000000	54.945932
6120.000000	59.688341
6144.000000	59.010854
6168.000000	56.591257
6192.000000	55.720203
6216.000000	55.139499
6240.000000	54.655580
6264.000000	54.752364
6288.000000	54.462012
6312.000000	53.978093
6336.000000	53.590957
6360.000000	53.494173
6384.000000	53.300606
6408.000000	53.107038
6432.000000	53.300606
6456.000000	53.494173
6480.000000	53.590957
6504.000000	53.300606
6528.000000	53.107038
6552.000000	53.203822
6576.000000	53.107038
6600.000000	57.268744
6624.000000	57.075177
6648.000000	56.204122
6672.000000	56.204122
6696.000000	56.300906
6720.000000	56.107338
6744.000000	55.913770
6768.000000	55.913770
6792.000000	55.720203
6816.000000	55.333067
6840.000000	55.139499
6864.000000	55.042715
6888.000000	55.139499
6912.000000	55.526635
6936.000000	55.623419
6960.000000	55.333067
6984.000000	55.236283
7008.000000	55.139499
7032.000000	55.139499
7056.000000	55.139499
7080.000000	55.139499
7104.000000	55.042715
7128.000000	55.139499
7152.000000	55.236283
7176.000000	55.042715
7200.000000	55.333067
7224.000000	55.526635
7248.000000	55.623419
7272.000000	55.429851
7296.000000	55.526635
7320.000000	55.526635
7344.000000	55.526635
7368.000000	55.623419
7392.000000	55.720203
7416.000000	55.623419
7440.000000	55.623419
7464.000000	55.526635
7488.000000	55.623419
7512.000000	55.816986
7536.000000	55.816986
7560.000000	55.720203
7584.000000	55.526635
7608.000000	55.526635
7632.000000	55.526635
7656.000000	55.526635
7680.000000	58.914070
7704.000000	58.333367
7728.000000	56.591257
7752.000000	55.720203
7776.000000	55.236283
7800.000000	54.849148
7824.000000	54.655580
7848.000000	54.462012
7872.000000	54.462012
7896.000000	55.042715
7920.000000	54.752364
7944.000000	54.849148
7968.000000	54.849148
7992.000000	54.752364
8016.000000	54.752364
8040.000000	54.945932
8064.000000	55.139499
8088.000000	54.945932
8112.000000	54.752364
8136.000000	54.462012
8160.000000	62.301506
8184.000000	64.624319
8208.000000	60.365828
8232.000000	58.526935
8256.000000	57.559096
8280.000000	57.075177
8304.000000	56.688041
8328.000000	56.881609
8352.000000	57.075177
8376.000000	56.881609
8400.000000	56.300906
8424.000000	56.107338
8448.000000	55.816986
8472.000000	55.623419
8496.000000	55.913770
8520.000000	56.010554
8544.000000	55.816986
8568.000000	56.010554
8592.000000	56.010554
8616.000000	56.010554
8640.000000	56.397690
8664.000000	56.784825
8688.000000	57.268744
8712.000000	57.365528
8736.000000	56.784825
8760.000000	56.591257
8784.000000	56.397690
8808.000000	56.494473
8832.000000	56.688041
8856.000000	56.784825
8880.000000	57.075177
8904.000000	57.365528
8928.000000	57.075177
8952.000000	56.688041
8976.000000	56.591257
9000.000000	56.978393
9024.000000	56.881609
9048.000000	56.784825
9072.000000	56.784825
9096.000000	56.978393
9120.000000	57.075177
9144.000000	57.268744
9168.000000	57.559096
9192.000000	57.655880
9216.000000	57.655880
9240.000000	57.559096
9264.000000	57.365528
9288.000000	64.140399
9312.000000	60.365828
9336.000000	58.623719
9360.000000	57.849448
9384.000000	57.268744
9408.000000	57.075177
9432.000000	56.978393
9456.000000	56.784825
9480.000000	56.591257
9504.000000	56.688041
9528.000000	56.591257
9552.000000	56.784825
9576.000000	56.881609
9600.000000	57.559096
9624.000000	57.462312
9648.000000	56.881609
9672.000000	56.591257
9696.000000	57.075177
9720.000000	57.365528
9744.000000	57.946232
9768.000000	58.236583
9792.000000	57.365528
9816.000000	56.784825
9840.000000	56.204122
9864.000000	56.010554
9888.000000	56.107338
9912.000000	56.300906
9936.000000	56.978393
9960.000000	56.688041
9984.000000	56.494473
10008.000000	56.204122
10032.000000	56.204122
10056.000000	56.204122
10080.000000	56.494473
10104.000000	57.655880
10128.000000	58.333367
10152.000000	58.623719
10176.000000	66.850348
10200.000000	68.979593
10224.000000	64.237183
10248.000000	61.720803
10272.000000	59.785125
10296.000000	58.720503
10320.000000	57.946232
10344.000000	57.365528
10368.000000	56.881609
10392.000000	56.591257
10416.000000	56.397690
10440.000000	56.107338
10464.000000	56.107338
10488.000000	56.591257
10512.000000	57.075177
10536.000000	56.591257
10560.000000	55.429851
10584.000000	55.913770
10608.000000	56.784825
10632.000000	56.494473
10656.000000	56.107338
10680.000000	60.752964
10704.000000	96.079077
10728.000000	73.334867
10752.000000	65.688941
10776.000000	63.946832
10800.000000	63.075777
10824.000000	62.591857
10848.000000	61.914370
10872.000000	61.624019
10896.000000	60.462612
10920.000000	58.720503
10944.000000	58.043015
10968.000000	57.655880
10992.000000	57.559096
11016.000000	57.171961
11040.000000	57.559096
11064.000000	57.752664
11088.000000	57.559096
11112.000000	57.365528
11136.000000	57.559096
11160.000000	58.139799
11184.000000	63.172561
11208.000000	64.721103
11232.000000	63.946832
11256.000000	60.752964
11280.000000	59.204422
11304.000000	58.333367
11328.000000	57.946232
11352.000000	57.752664
11376.000000	57.559096
11400.000000	57.752664
11424.000000	57.752664
11448.000000	57.946232
11472.000000	57.752664
11496.000000	57.655880
11520.000000	57.655880
11544.000000	57.462312
11568.000000	57.365528
11592.000000	57.365528
11616.000000	57.559096
11640.000000	57.752664
11664.000000	57.655880
11688.000000	57.849448
11712.000000	58.043015
11736.000000	58.333367
11760.000000	58.139799
11784.000000	58.043015
11808.000000	58.236583
11832.000000	58.333367
11856.000000	58.139799
11880.000000	58.430151
11904.000000	58.817286
11928.000000	59.204422
11952.000000	59.494774
11976.000000	59.204422
12000.000000	59.204422
12024.000000	62.301506
12048.000000	62.882209
12072.000000	60.752964
12096.000000	59.978693
12120.000000	59.397990
12144.000000	59.010854
12168.000000	58.623719
12192.000000	58.333367
12216.000000	58.236583
12240.000000	58.043015
12264.000000	57.752664
12288.000000	57.655880
12312.000000	57.365528
12336.000000	56.978393
12360.000000	56.784825
12384.000000	56.688041
12408.000000	56.881609
12432.000000	59.397990
12456.000000	61.236883
12480.000000	58.333367
12504.000000	56.978393
12528.000000	56.494473
12552.000000	56.204122
12576.000000	56.107338
12600.000000	56.010554
12624.000000	55.816986
12648.000000	55.720203
12672.000000	55.526635
12696.000000	55.429851
12720.000000	55.333067
12744.000000	55.236283
12768.000000	55.139499
12792.000000	55.042715
12816.000000	55.042715
12840.000000	55.623419
12864.000000	55.526635
12888.000000	55.139499
12912.000000	54.849148
12936.000000	54.752364
12960.000000	54.558796
12984.000000	54.462012
13008.000000	54.558796
13032.000000	54.945932
13056.000000	55.139499
13080.000000	55.236283
13104.000000	55.913770
13128.000000	56.204122
13152.000000	56.784825
13176.000000	57.268744
13200.000000	56.881609
13224.000000	56.784825
13248.000000	56.204122
13272.000000	55.816986
13296.000000	55.526635
13320.000000	55.429851
13344.000000	55.236283
13368.000000	55.042715
13392.000000	54.945932
13416.000000	54.655580
13440.000000	54.655580
13464.000000	54.558796
13488.000000	54.752364
13512.000000	54.752364
13536.000000	54.752364
13560.000000	54.849148
13584.000000	54.849148
13608.000000	54.945932
13632.000000	54.655580
13656.000000	54.074877
13680.000000	53.687741
13704.000000	53.494173
13728.000000	53.397390
13800.000000	53.203822
13824.000000	53.881309
13848.000000	53.687741
13872.000000	53.590957
13896.000000	53.494173
13920.000000	61.914370
13944.000000	58.333367
13968.000000	56.010554
13992.000000	54.752364
14016.000000	54.074877
14040.000000	53.590957
14064.000000	53.203822
14088.000000	53.010254
14112.000000	52.816686
14136.000000	52.719902
14160.000000	52.719902
14184.000000	52.623119
14208.000000	52.332767
14232.000000	52.042415
14256.000000	51.945632
14280.000000	52.042415
14304.000000	52.042415
14328.000000	52.139199
14352.000000	52.042415
14376.000000	52.139199
14400.000000	52.139199
14424.000000	52.139199
14448.000000	52.235983
14472.000000	52.235983
14496.000000	52.332767
14520.000000	52.235983
14544.000000	52.332767
14568.000000	52.429551
14592.000000	52.429551
14616.000000	52.526335
14640.000000	52.623119
14664.000000	52.719902
14688.000000	55.816986
14712.000000	55.139499
14736.000000	53.784525
14760.000000	53.010254
14784.000000	52.623119
14808.000000	52.429551
14832.000000	52.429551
14856.000000	52.429551
14880.000000	52.719902
14904.000000	53.107038
14928.000000	53.010254
14952.000000	56.204122
14976.000000	55.042715
15000.000000	59.494774
15024.000000	56.881609
15048.000000	55.333067
15072.000000	54.462012
15096.000000	53.881309
15120.000000	53.494173
15144.000000	53.203822
15168.000000	53.203822
15192.000000	53.203822
15216.000000	53.107038
15240.000000	53.107038
15264.000000	53.010254
15288.000000	53.107038
15312.000000	53.203822
15336.000000	53.203822
15360.000000	53.300606
15384.000000	53.300606
15408.000000	53.397390
15432.000000	53.687741
15456.000000	54.171661
15480.000000	54.074877
15504.000000	54.171661
15528.000000	54.462012
15552.000000	54.849148
15576.000000	55.042715
15600.000000	55.429851
15624.000000	55.623419
15648.000000	56.107338
15672.000000	56.688041
15696.000000	56.881609
15720.000000	56.978393
15744.000000	56.494473
15768.000000	56.591257
15792.000000	56.591257
15816.000000	56.784825
15840.000000	56.978393
15864.000000	57.171961
15888.000000	57.365528
15912.000000	57.752664
15936.000000	58.043015
15960.000000	58.333367
15984.000000	58.817286
16008.000000	59.107638
16032.000000	59.397990
16056.000000	59.688341
16080.000000	60.656180
16104.000000	60.946532
16128.000000	60.946532
16152.000000	61.236883
16176.000000	61.333667
16200.000000	61.527235
16224.000000	61.817586
16248.000000	62.107938
16272.000000	62.495074
16296.000000	62.785425
16320.000000	63.172561
16344.000000	62.785425
16368.000000	60.559396
16392.000000	59.010854
16416.000000	58.043015
16440.000000	57.559096
16464.000000	57.559096
16488.000000	57.849448
16512.000000	58.236583
16536.000000	58.720503
16560.000000	59.010854
16584.000000	59.494774
16608.000000	59.978693
16632.000000	60.269045
16656.000000	60.559396
16680.000000	60.849748
16704.000000	60.946532
16728.000000	61.236883
16752.000000	61.527235
16776.000000	62.398290
16800.000000	61.527235
16824.000000	59.785125
16848.000000	58.817286
16872.000000	58.430151
16896.000000	58.333367
16920.000000	58.333367
16944.000000	58.333367
16968.000000	58.430151
16992.000000	58.623719
17016.000000	59.107638
17040.000000	59.881909
17064.000000	60.849748
17088.000000	61.720803
17112.000000	61.720803
17136.000000	61.817586
17160.000000	62.204722
17184.000000	62.495074
17208.000000	62.785425
17232.000000	62.688641
17256.000000	62.978993
17280.000000	63.850048
17304.000000	64.430751
17328.000000	65.398590
17352.000000	66.656780
17376.000000	65.882509
17400.000000	64.430751
17424.000000	63.946832
17448.000000	63.850048
17472.000000	64.430751
17496.000000	64.914670
17520.000000	65.495374
17544.000000	68.786025
17568.000000	68.011754
17592.000000	64.817886
17616.000000	63.366128
17640.000000	63.172561
17664.000000	62.978993
17688.000000	63.172561
17712.000000	63.559696
17736.000000	64.333967
17760.000000	64.430751
17784.000000	64.817886
17808.000000	65.108238
17832.000000	65.688941
17856.000000	65.979293
17880.000000	66.559996
17904.000000	66.947132
17928.000000	67.431051
17952.000000	67.431051
17976.000000	65.979293
18000.000000	65.592157
18024.000000	65.592157
18048.000000	66.269645
18072.000000	67.043916
18096.000000	66.850348
18120.000000	66.947132
18144.000000	67.237483
18168.000000	67.527835
18192.000000	67.914970
18216.000000	68.398890
18240.000000	68.882809
18264.000000	69.366728
18288.000000	69.850648
18312.000000	70.431351
18336.000000	71.012054
18360.000000	71.399190
18384.000000	71.979893
18408.000000	72.560596
18432.000000	73.141299
18456.000000	73.818787
18480.000000	74.496274
18504.000000	75.173761
18528.000000	75.851248
18552.000000	76.625519
18576.000000	77.399790
18600.000000	77.883709
18624.000000	78.561196
18648.000000	79.335467
18672.000000	80.012954
18696.000000	83.593958
18720.000000	76.722303
18744.000000	70.915270
18768.000000	64.721103
18792.000000	61.720803
18816.000000	59.881909
18840.000000	66.463212
18864.000000	63.172561
18888.000000	60.172261
18912.000000	58.623719
18936.000000	57.268744
18960.000000	56.397690
18984.000000	55.720203
19008.000000	55.236283
19032.000000	54.945932
19056.000000	54.558796
19080.000000	53.978093
19104.000000	53.494173
19128.000000	52.913470
19152.000000	52.429551
19176.000000	52.139199
19200.000000	51.945632
19224.000000	51.655280
19248.000000	51.364928
19272.000000	51.074577
19296.000000	51.074577
19320.000000	50.977793
19344.000000	50.687441
19368.000000	50.493873
19392.000000	50.397090
19416.000000	50.203522
19440.000000	49.913170
19464.000000	49.719602
19488.000000	49.526035
19512.000000	49.429251
19536.000000	49.429251
19560.000000	49.526035
19584.000000	49.622819
19608.000000	50.203522
19632.000000	50.300306
19656.000000	49.816386
19680.000000	49.719602
19704.000000	49.816386
19728.000000	49.913170
19752.000000	49.816386
19776.000000	49.913170
19800.000000	49.429251
19824.000000	49.042115
19848.000000	48.945331
19872.000000	49.042115
19896.000000	48.945331
19920.000000	48.848548
19944.000000	48.751764
19968.000000	48.558196
19992.000000	48.461412
20016.000000	48.558196
20040.000000	48.654980
20064.000000	48.751764
20088.000000	48.751764
20112.000000	48.751764
20136.000000	48.751764
20160.000000	48.751764
20184.000000	48.751764
20208.000000	49.138899
20232.000000	49.816386
20256.000000	49.816386
20280.000000	49.816386
20304.000000	49.816386
20328.000000	50.009954
20352.000000	50.203522
20376.000000	50.300306
20400.000000	50.300306
20424.000000	50.397090
20448.000000	50.784225
20472.000000	51.074577
20496.000000	51.268144
20520.000000	51.461712
20544.000000	51.655280
20568.000000	51.752064
20592.000000	51.945632
20616.000000	51.848848
20640.000000	51.655280
20664.000000	51.752064
20688.000000	52.042415
20712.000000	56.591257
20736.000000	56.881609
20760.000000	53.494173
20784.000000	52.235983
20808.000000	51.558496
20832.000000	50.977793
20856.000000	50.687441
20880.000000	50.493873
20904.000000	50.009954
20928.000000	49.719602
20952.000000	49.526035
20976.000000	49.332467
21000.000000	49.235683
21024.000000	49.138899
21048.000000	48.945331
21072.000000	48.945331
21096.000000	49.042115
21120.000000	48.945331
21144.000000	48.945331
21168.000000	48.945331
21192.000000	49.138899
21216.000000	49.526035
21240.000000	49.913170
21264.000000	50.397090
21288.000000	50.687441
21312.000000	50.977793
21336.000000	51.268144
21360.000000	51.558496
21384.000000	51.945632
21408.000000	52.139199
21432.000000	52.429551
21456.000000	52.526335
21480.000000	51.945632
21504.000000	53.784525
21528.000000	64.333967
21552.000000	70.044216
21576.000000	53.687741
21600.000000	50.977793
21624.000000	49.526035
21648.000000	48.364628
21672.000000	47.493573
21696.000000	50.784225
21720.000000	72.270245
21744.000000	59.978693
21768.000000	55.236283
21792.000000	52.623119
21816.000000	51.171361
21840.000000	50.106738
21864.000000	49.429251
21888.000000	48.945331
21912.000000	48.654980
21936.000000	48.558196
21960.000000	48.461412
21984.000000	48.267844
22008.000000	48.074277
22032.000000	47.880709
22056.000000	47.687141
22080.000000	47.590357
22104.000000	47.687141
22128.000000	47.590357
22152.000000	47.590357
22176.000000	47.590357
22200.000000	47.783925
22224.000000	50.977793
22248.000000	52.042415
22272.000000	49.235683
22296.000000	47.977493
22320.000000	47.106438
22344.000000	46.622519
22368.000000	46.332167
22392.000000	46.138599
22416.000000	45.848248
22440.000000	45.654680
22464.000000	45.751464
22488.000000	46.041815
22512.000000	46.235383
22536.000000	46.428951
22560.000000	46.525735
22584.000000	46.622519
22608.000000	50.881009
22632.000000	49.622819
22656.000000	48.171061
22680.000000	47.300006
22704.000000	46.912870
22728.000000	46.525735
22752.000000	46.332167
22776.000000	46.332167
22800.000000	46.332167
22824.000000	46.525735
22848.000000	46.719302
22872.000000	47.009654
22896.000000	47.396790
22920.000000	47.880709
22944.000000	48.267844
22968.000000	48.558196
22992.000000	48.945331
23016.000000	49.138899
23040.000000	49.429251
23064.000000	49.719602
23088.000000	50.106738
23112.000000	50.300306
23136.000000	50.590657
23160.000000	50.977793
23184.000000	50.977793
23208.000000	51.171361
23232.000000	51.364928
23256.000000	51.558496
23280.000000	51.268144
23304.000000	51.364928
23328.000000	51.558496
23352.000000	51.752064
23376.000000	52.042415
23400.000000	52.429551
23424.000000	52.719902
23448.000000	52.816686
23472.000000	51.171361
23496.000000	49.526035
23520.000000	48.267844
23544.000000	47.396790
23568.000000	46.622519
23592.000000	46.041815
23616.000000	45.461112
23640.000000	45.073977
23664.000000	45.073977
23688.000000	45.945031
23712.000000	46.622519
23736.000000	47.300006
23760.000000	48.074277
23784.000000	48.654980
23808.000000	48.751764
23832.000000	48.945331
23856.000000	49.138899
23880.000000	49.526035
23904.000000	98.692242
23928.000000	49.429251
23952.000000	46.138599
23976.000000	44.493273
24000.000000	43.912570
24024.000000	43.428651
24048.000000	43.041515
24072.000000	42.751164
24096.000000	42.557596
24120.000000	42.847948
24144.000000	43.041515
24168.000000	43.331867
24192.000000	43.622219
24216.000000	43.815786
24240.000000	44.009354
24264.000000	44.202922
24288.000000	44.396490
24312.000000	44.686841
24336.000000	44.880409
24360.000000	45.170760
24384.000000	45.557896
24408.000000	45.848248
24432.000000	46.041815
24456.000000	46.332167
24480.000000	46.719302
24504.000000	47.009654
24528.000000	47.203222
24552.000000	47.396790
24576.000000	47.590357
24600.000000	47.106438
24624.000000	46.912870
24648.000000	46.912870
24672.000000	47.009654
24696.000000	47.203222
24720.000000	47.590357
24744.000000	47.977493
24768.000000	48.267844
24792.000000	47.300006
24816.000000	46.332167
24840.000000	45.848248
24864.000000	45.751464
24888.000000	45.654680
24912.000000	45.654680
24936.000000	45.751464
24960.000000	45.848248
24984.000000	46.041815
25008.000000	46.138599
25032.000000	46.041815
25056.000000	46.041815
25080.000000	46.041815
25104.000000	46.138599
25128.000000	46.235383
25152.000000	46.719302
25176.000000	46.912870
25200.000000	47.106438
25224.000000	47.300006
25248.000000	47.493573
25272.000000	47.396790
25296.000000	47.493573
25320.000000	47.590357
25344.000000	74.399490
25368.000000	51.171361
25392.000000	49.913170
25416.000000	49.235683
25440.000000	48.945331
25464.000000	48.751764
25488.000000	48.654980
25512.000000	48.751764
25536.000000	48.945331
25560.000000	49.042115
