0.000000	112.958842
24.000000	112.862058
48.000000	113.539545
72.000000	113.926681
96.000000	112.668491
120.000000	113.249194
144.000000	116.636629
168.000000	115.281655
192.000000	115.862358
216.000000	117.120549
240.000000	118.765875
264.000000	119.927281
288.000000	121.379039
312.000000	121.766175
336.000000	123.314717
360.000000	121.766175
384.000000	121.572607
408.000000	126.605368
432.000000	127.186071
456.000000	127.863559
480.000000	127.863559
504.000000	128.637829
528.000000	128.928181
552.000000	123.411500
576.000000	121.862958
600.000000	122.250094
624.000000	123.701852
648.000000	124.088988
672.000000	125.831097
696.000000	128.734613
720.000000	140.832597
744.000000	159.027965
768.000000	161.157210
792.000000	161.544346
816.000000	125.443962
840.000000	117.023765
864.000000	111.991004
888.000000	117.798036
912.000000	124.572907
936.000000	122.153310
960.000000	111.216733
984.000000	112.958842
1008.000000	112.862058
1032.000000	112.765274
1056.000000	112.571707
1080.000000	111.991004
1104.000000	112.184571
1128.000000	112.378139
1152.000000	114.991304
1176.000000	113.733113
1200.000000	114.023465
1224.000000	112.862058
1248.000000	111.991004
1272.000000	113.829897
1296.000000	110.829597
1320.000000	111.991004
1344.000000	111.603868
1368.000000	113.055626
1392.000000	112.087787
1416.000000	111.603868
1440.000000	112.765274
1464.000000	112.087787
1488.000000	113.152410
1512.000000	111.507084
1536.000000	114.120249
1560.000000	112.765274
1584.000000	113.055626
1608.000000	113.733113
1632.000000	113.926681
1656.000000	113.636329
1680.000000	113.539545
1704.000000	113.926681
1728.000000	113.152410
1752.000000	113.636329
1776.000000	110.636029
1800.000000	110.248894
1824.000000	109.861758
1848.000000	109.474623
1872.000000	111.313516
1896.000000	114.507384
1920.000000	115.378439
1944.000000	114.700952
1968.000000	114.023465
1992.000000	114.410600
2016.000000	116.249494
2040.000000	112.958842
2064.000000	112.862058
2088.000000	115.475223
2112.000000	114.604168
2136.000000	116.636629
2160.000000	112.184571
2184.000000	114.313816
2208.000000	114.991304
2232.000000	115.959142
2256.000000	112.668491
2280.000000	114.604168
2304.000000	114.604168
2328.000000	121.379039
2352.000000	147.607468
2376.000000	151.672391
2400.000000	154.285556
2424.000000	156.221233
2448.000000	157.866559
2472.000000	159.318317
2496.000000	160.576507
2520.000000	161.641130
2544.000000	162.705752
2568.000000	163.770375
2592.000000	164.641430
2616.000000	165.415701
2640.000000	166.286756
2664.000000	167.157811
2688.000000	167.932081
2712.000000	168.706352
2736.000000	169.480623
2760.000000	170.158111
2784.000000	170.835598
2808.000000	171.513085
2832.000000	172.190572
2856.000000	172.771275
2880.000000	173.448762
2904.000000	173.932682
2928.000000	174.513385
2952.000000	174.997304
2976.000000	168.996704
3000.000000	129.412100
3024.000000	155.059827
3048.000000	126.411800
3072.000000	123.895420
3096.000000	124.476123
3120.000000	123.508284
3144.000000	124.282555
3168.000000	125.056826
3192.000000	125.250394
3216.000000	125.250394
3240.000000	125.250394
3264.000000	125.540746
3288.000000	125.927881
3312.000000	124.572907
3336.000000	125.056826
3360.000000	125.443962
3384.000000	124.863258
3408.000000	125.153610
3432.000000	123.895420
3456.000000	125.347178
3480.000000	124.863258
3504.000000	125.443962
3528.000000	126.121449
3552.000000	124.766475
3576.000000	125.831097
3600.000000	125.153610
3624.000000	126.024665
3648.000000	125.540746
3672.000000	125.637529
3696.000000	124.960042
3720.000000	126.508584
3744.000000	125.347178
3768.000000	125.250394
3792.000000	131.154210
3816.000000	129.315317
3840.000000	125.153610
3864.000000	124.088988
3888.000000	115.378439
3912.000000	124.476123
3936.000000	127.476423
3960.000000	127.476423
3984.000000	127.476423
4008.000000	125.734313
4032.000000	120.701552
4056.000000	119.927281
4080.000000	123.314717
4104.000000	120.991904
4128.000000	122.540446
4152.000000	123.024365
4176.000000	122.927581
4200.000000	124.476123
4224.000000	121.379039
4248.000000	124.863258
4272.000000	121.766175
4296.000000	124.185771
4320.000000	123.217933
4344.000000	124.185771
4368.000000	122.734013
4392.000000	122.927581
4416.000000	124.379339
4440.000000	123.605068
4464.000000	123.314717
4488.000000	121.572607
4512.000000	124.669691
4536.000000	122.056526
4560.000000	123.024365
4584.000000	122.734013
4608.000000	122.153310
4632.000000	121.959742
4656.000000	123.121149
4680.000000	122.346878
4704.000000	123.314717
4728.000000	122.443662
4752.000000	121.185471
4776.000000	122.830797
4800.000000	122.637229
4824.000000	122.637229
4848.000000	122.830797
4872.000000	123.605068
4896.000000	120.991904
4920.000000	122.250094
4944.000000	122.346878
4968.000000	122.346878
4992.000000	122.540446
5016.000000	122.830797
5040.000000	122.927581
5064.000000	122.250094
5088.000000	122.734013
5112.000000	122.346878
5136.000000	122.346878
5160.000000	122.540446
5184.000000	123.024365
5208.000000	122.734013
5232.000000	122.153310
5256.000000	122.830797
5280.000000	122.927581
5304.000000	122.153310
5328.000000	121.862958
5352.000000	122.540446
5376.000000	122.927581
5400.000000	123.121149
5424.000000	122.540446
5448.000000	122.540446
5472.000000	122.346878
5496.000000	122.734013
5520.000000	122.250094
5544.000000	122.443662
5568.000000	122.250094
5592.000000	123.024365
5616.000000	122.927581
5640.000000	122.153310
5664.000000	122.637229
5688.000000	122.830797
5712.000000	122.250094
5736.000000	122.637229
5760.000000	122.056526
5784.000000	123.024365
5808.000000	122.346878
5832.000000	122.250094
5856.000000	122.637229
5880.000000	122.443662
5904.000000	123.121149
5928.000000	122.540446
5952.000000	121.959742
5976.000000	121.959742
6000.000000	122.637229
6024.000000	122.443662
6048.000000	122.346878
6072.000000	123.217933
6096.000000	123.121149
6120.000000	122.056526
6144.000000	122.734013
6168.000000	122.056526
6192.000000	122.734013
6216.000000	122.734013
6240.000000	122.250094
6264.000000	122.637229
6288.000000	122.346878
6312.000000	122.734013
6336.000000	122.443662
6360.000000	122.250094
6384.000000	99.989803
6480.000000	11.304806
6504.000000	105.475513
6528.000000	94.442152
6552.000000	57.277145
6576.000000	43.340267
6600.000000	47.211622
6624.000000	38.210722
6648.000000	37.049316
6672.000000	57.954632
6696.000000	50.308706
6720.000000	49.631219
6744.000000	51.470113
6768.000000	50.695842
6792.000000	49.244084
6816.000000	49.631219
6840.000000	48.953732
6864.000000	48.953732
6888.000000	48.276245
6912.000000	44.211322
6936.000000	46.921271
6960.000000	46.147000
6984.000000	45.759864
7008.000000	45.663080
7032.000000	45.275945
7056.000000	45.469513
7080.000000	44.985593
7104.000000	45.082377
7128.000000	44.792026
7152.000000	45.082377
7176.000000	43.533835
7200.000000	43.243484
7224.000000	43.243484
7248.000000	41.307806
7272.000000	41.694942
7296.000000	40.727103
7320.000000	40.339967
7344.000000	40.533535
7368.000000	41.017455
7392.000000	40.920671
7416.000000	40.049616
7440.000000	38.984993
7464.000000	39.275345
7488.000000	39.952832
7512.000000	39.759264
7536.000000	39.565696
7560.000000	39.178561
7584.000000	39.565696
7608.000000	39.372129
7632.000000	39.759264
7656.000000	39.372129
7680.000000	39.565696
7704.000000	39.372129
7728.000000	40.049616
7752.000000	39.759264
7776.000000	40.339967
7800.000000	41.017455
7824.000000	40.533535
7848.000000	39.952832
7872.000000	40.920671
7896.000000	41.211022
7920.000000	40.243184
7944.000000	41.404590
7968.000000	41.017455
7992.000000	40.630319
8016.000000	43.437051
8040.000000	40.436751
8064.000000	39.275345
8088.000000	39.372129
8112.000000	40.727103
8136.000000	40.630319
8160.000000	40.436751
8184.000000	40.339967
8208.000000	40.920671
8232.000000	40.049616
8256.000000	40.436751
8280.000000	42.372429
8304.000000	42.082077
8328.000000	40.727103
8352.000000	40.243184
8376.000000	38.984993
8400.000000	39.856048
8424.000000	40.436751
8448.000000	41.888509
8472.000000	42.082077
8496.000000	42.082077
8520.000000	46.921271
8544.000000	68.020155
8568.000000	137.607759
8592.000000	150.189662
8616.000000	153.383530
8640.000000	36.275045
8664.000000	15.466512
8688.000000	15.466512
8712.000000	15.466512
8736.000000	15.466512
8760.000000	100.442752
8784.000000	223.067918
8808.000000	109.734004
8832.000000	84.473413
8856.000000	45.179161
8880.000000	58.051416
8904.000000	55.535035
8928.000000	75.666081
8952.000000	128.219723
8976.000000	157.642020
9000.000000	177.773066
9024.000000	72.085077
9048.000000	70.923671
9072.000000	56.018955
9096.000000	57.373929
9120.000000	54.663980
9144.000000	57.180361
9168.000000	55.825387
9192.000000	70.826887
9216.000000	61.051716
9240.000000	19.047516
9264.000000	41.694942
9288.000000	49.147300
9312.000000	52.534735
9336.000000	54.857548
9360.000000	50.018355
9384.000000	58.825687
9408.000000	56.890010
9432.000000	58.051416
9456.000000	57.857848
9480.000000	76.827487
9504.000000	144.092278
9528.000000	66.084477
9552.000000	48.856948
9576.000000	44.888809
9600.000000	43.243484
9624.000000	45.663080
9648.000000	45.759864
9672.000000	46.437351
9696.000000	49.147300
9720.000000	45.856648
9744.000000	44.308106
9768.000000	43.243484
9792.000000	44.114538
9816.000000	44.985593
9840.000000	43.727403
9864.000000	42.372429
9888.000000	41.694942
9912.000000	42.082077
9936.000000	43.146700
9960.000000	55.631819
9984.000000	48.566597
10008.000000	45.082377
10032.000000	43.727403
10056.000000	41.888509
10080.000000	41.985293
10104.000000	41.791726
10128.000000	40.049616
10152.000000	43.049916
10176.000000	42.469213
10200.000000	41.888509
10224.000000	41.017455
10248.000000	41.114238
10272.000000	41.017455
10296.000000	40.630319
10320.000000	37.920371
10344.000000	39.952832
10368.000000	41.791726
10392.000000	39.952832
10416.000000	41.307806
10440.000000	37.726803
10464.000000	38.210722
10488.000000	40.339967
10512.000000	30.080877
10536.000000	37.726803
10560.000000	37.726803
10584.000000	38.501074
10608.000000	39.662480
10632.000000	36.468613
10656.000000	37.242884
10680.000000	38.597858
10704.000000	40.339967
10728.000000	38.888209
10752.000000	38.210722
10776.000000	39.759264
10800.000000	43.146700
10824.000000	39.565696
10848.000000	40.049616
10872.000000	43.824187
10896.000000	42.178861
10920.000000	42.953132
10944.000000	43.049916
10968.000000	42.662780
10992.000000	43.340267
11016.000000	43.340267
11040.000000	43.340267
11064.000000	39.275345
11088.000000	35.307206
11112.000000	33.952232
11136.000000	37.630019
11160.000000	38.404290
11184.000000	37.533235
11208.000000	41.501374
11232.000000	44.888809
11256.000000	42.953132
11280.000000	39.952832
11304.000000	39.952832
11328.000000	41.404590
11352.000000	44.308106
11376.000000	43.146700
11400.000000	43.630619
11424.000000	47.889109
11448.000000	40.920671
11472.000000	37.630019
11496.000000	39.662480
11520.000000	40.823887
11544.000000	42.759564
11568.000000	43.630619
11592.000000	44.211322
11616.000000	44.598458
11640.000000	46.340568
11664.000000	47.695542
11688.000000	48.953732
11712.000000	48.663380
11736.000000	49.244084
11760.000000	50.889409
11784.000000	67.923371
11808.000000	52.728303
11832.000000	41.404590
11856.000000	45.179161
11880.000000	50.599058
11904.000000	55.922171
11928.000000	45.856648
11952.000000	45.953432
11976.000000	48.082677
12000.000000	44.501674
12024.000000	56.502874
12048.000000	92.700042
12072.000000	117.670281
12096.000000	44.985593
12120.000000	117.186362
12144.000000	116.121739
12168.000000	114.282846
12192.000000	146.027956
12216.000000	144.285846
12240.000000	155.319207
12264.000000	192.968133
12288.000000	167.997895
12312.000000	168.772166
12336.000000	154.157801
12360.000000	163.449053
12384.000000	164.900811
12408.000000	154.738504
12552.000000	16.531135
12576.000000	135.672081
12600.000000	108.282246
12624.000000	87.473713
12648.000000	49.050516
12672.000000	47.792326
12696.000000	46.921271
12720.000000	48.373029
12744.000000	41.694942
12768.000000	43.049916
12792.000000	43.533835
12816.000000	52.921871
12840.000000	51.663680
12864.000000	48.179461
12888.000000	43.049916
12912.000000	47.114838
12936.000000	44.404890
12960.000000	43.340267
12984.000000	42.178861
13008.000000	42.565996
13032.000000	47.211622
