0.000000	73.128297
24.000000	71.289403
48.000000	71.482971
72.000000	72.160458
96.000000	72.063674
120.000000	72.837945
144.000000	93.356126
168.000000	75.741462
192.000000	74.483271
216.000000	72.837945
240.000000	69.547294
264.000000	69.644078
288.000000	69.837645
312.000000	69.837645
336.000000	69.934429
360.000000	70.224781
384.000000	70.515132
408.000000	70.127997
432.000000	76.418949
456.000000	71.386187
480.000000	78.161058
504.000000	70.805484
528.000000	65.772723
552.000000	64.320965
576.000000	64.224181
600.000000	63.353126
624.000000	62.965990
648.000000	62.869207
672.000000	83.290604
696.000000	77.290003
720.000000	75.838245
744.000000	72.354026
768.000000	68.966590
792.000000	66.837345
816.000000	65.192019
840.000000	67.998752
864.000000	67.418049
888.000000	80.483871
912.000000	61.611016
936.000000	59.191419
960.000000	58.417148
984.000000	57.546094
1008.000000	57.255742
1032.000000	57.255742
1056.000000	56.578255
1080.000000	56.191119
1104.000000	55.610416
1128.000000	62.482071
1152.000000	55.416848
1176.000000	56.094336
1200.000000	56.191119
1224.000000	54.932929
1248.000000	55.416848
1272.000000	55.900768
1296.000000	56.384687
1320.000000	56.191119
1344.000000	56.675039
1368.000000	56.771823
1392.000000	56.868607
1416.000000	56.094336
1440.000000	55.997552
1464.000000	61.901368
1488.000000	48.835545
1512.000000	55.610416
1536.000000	56.384687
1560.000000	55.900768
1584.000000	54.836145
1608.000000	54.449010
1632.000000	56.578255
1656.000000	55.707200
1680.000000	56.481471
1704.000000	54.642577
1728.000000	56.481471
1752.000000	56.868607
1776.000000	56.287903
1800.000000	55.900768
1824.000000	56.771823
1848.000000	52.029413
1872.000000	53.384387
1896.000000	53.384387
1920.000000	55.803984
1944.000000	63.062774
1968.000000	52.997252
1992.000000	52.803684
2016.000000	54.352226
2040.000000	54.449010
2064.000000	55.513632
2088.000000	54.739361
2112.000000	54.352226
2136.000000	54.836145
2160.000000	55.610416
2184.000000	56.675039
2208.000000	57.352526
2232.000000	59.965690
2256.000000	61.127097
2280.000000	62.869207
2304.000000	54.158658
2328.000000	51.739061
2352.000000	53.481171
2376.000000	52.029413
2400.000000	53.287603
2424.000000	55.223281
2448.000000	56.771823
2472.000000	58.223581
2496.000000	58.804284
2520.000000	58.223581
