0.000000	40.662918
24.000000	40.863261
48.000000	41.963693
72.000000	41.363633
96.000000	40.362888
120.000000	40.263201
144.000000	40.362888
168.000000	40.263201
192.000000	40.563231
216.000000	41.763351
240.000000	41.563008
264.000000	42.063381
288.000000	41.463321
312.000000	41.663663
336.000000	41.262978
360.000000	41.563008
384.000000	41.163291
408.000000	41.463321
432.000000	41.363633
456.000000	42.163068
480.000000	42.263723
504.000000	42.063381
528.000000	42.763128
552.000000	43.663218
576.000000	42.963471
600.000000	41.663663
624.000000	42.063381
648.000000	42.363411
672.000000	42.363411
696.000000	43.162845
720.000000	43.462875
744.000000	43.263501
768.000000	43.563531
792.000000	43.663218
816.000000	43.162845
840.000000	43.263501
864.000000	43.462875
888.000000	42.963471
912.000000	41.863038
936.000000	41.063603
960.000000	40.962948
984.000000	40.263201
1008.000000	39.763796
1032.000000	39.263423
1056.000000	39.163736
1080.000000	38.963393
1104.000000	37.862961
1128.000000	37.463243
1152.000000	35.963093
1176.000000	37.063526
1200.000000	36.962871
1224.000000	36.663808
1248.000000	36.663808
1272.000000	36.563153
1296.000000	37.163213
1320.000000	37.063526
1344.000000	36.962871
1368.000000	37.262901
1392.000000	37.063526
1416.000000	37.063526
1440.000000	37.363556
1464.000000	36.962871
1488.000000	36.962871
1512.000000	36.863183
1536.000000	36.563153
1560.000000	36.463466
1584.000000	39.463766
1608.000000	37.562931
1632.000000	35.963093
1656.000000	35.763718
1680.000000	35.663063
1704.000000	35.563376
1728.000000	35.863406
1752.000000	36.063748
1776.000000	35.763718
1800.000000	35.563376
1824.000000	35.563376
1848.000000	35.363033
1872.000000	34.963316
1896.000000	34.762973
1920.000000	35.063003
1944.000000	34.663286
1968.000000	34.363256
1992.000000	33.963538
2016.000000	33.663508
2040.000000	33.763196
2064.000000	33.563821
2088.000000	33.763196
2112.000000	33.363478
2136.000000	33.063448
2160.000000	32.963761
2184.000000	32.763418
2208.000000	33.263791
2232.000000	33.663508
2256.000000	33.963538
2280.000000	34.263568
2304.000000	42.463098
2328.000000	38.763051
2352.000000	53.463553
2376.000000	95.162884
2400.000000	102.962696
2424.000000	105.062906
2448.000000	107.262804
2472.000000	109.363014
2496.000000	111.363536
2520.000000	113.263404
2544.000000	115.163271
2568.000000	116.963451
2592.000000	118.863319
2616.000000	121.963306
2640.000000	124.862951
2664.000000	127.263191
2688.000000	129.562776
2712.000000	131.963016
2736.000000	134.363256
2760.000000	136.163436
2784.000000	137.662618
2808.000000	139.063081
2832.000000	140.163513
2856.000000	141.563008
2880.000000	142.862815
2904.000000	143.862593
2928.000000	144.762683
2952.000000	145.962803
2976.000000	146.962580
3000.000000	147.963325
3024.000000	149.062790
3048.000000	150.163223
3072.000000	151.262688
3096.000000	152.263433
3120.000000	153.263210
3144.000000	154.262988
3168.000000	155.262765
3192.000000	156.063168
3216.000000	156.862602
3240.000000	157.563318
3264.000000	158.163378
3288.000000	158.863125
3312.000000	159.463185
3336.000000	160.063245
3360.000000	160.663305
3384.000000	161.162710
3408.000000	161.663083
3432.000000	162.163455
3456.000000	162.563173
3480.000000	147.663295
3504.000000	97.662812
3528.000000	91.762867
3552.000000	89.463282
3576.000000	81.963500
3600.000000	76.262930
3624.000000	67.463340
3648.000000	60.663305
3672.000000	55.163078
3696.000000	57.563318
3720.000000	51.863715
3744.000000	47.663295
3768.000000	44.062935
3792.000000	40.763573
3816.000000	37.262901
3840.000000	34.063226
3864.000000	32.663731
3912.000000	34.563598
3936.000000	33.163136
3960.000000	32.863106
3984.000000	33.463166
4008.000000	35.263346
4032.000000	36.663808
4056.000000	42.563753
4080.000000	41.963693
4104.000000	42.263723
4128.000000	40.863261
4152.000000	37.763273
4176.000000	36.663808
4200.000000	36.163436
4224.000000	45.063681
4248.000000	59.063468
4272.000000	42.563753
4296.000000	40.962948
4320.000000	37.063526
4344.000000	37.262901
4368.000000	37.063526
4392.000000	36.962871
4416.000000	37.163213
4440.000000	36.962871
4464.000000	36.863183
4488.000000	36.763496
4512.000000	34.063226
4536.000000	34.063226
4560.000000	33.963538
4584.000000	33.963538
4608.000000	34.263568
4632.000000	34.063226
4656.000000	34.063226
4680.000000	34.162913
4704.000000	33.963538
4728.000000	33.862883
4752.000000	33.663508
4776.000000	33.963538
4800.000000	33.963538
4824.000000	34.162913
4848.000000	33.963538
4872.000000	34.162913
4896.000000	34.263568
4920.000000	34.363256
4944.000000	34.263568
4968.000000	34.563598
4992.000000	34.063226
5016.000000	34.663286
5040.000000	33.663508
5064.000000	34.063226
5088.000000	33.862883
5112.000000	34.263568
5136.000000	33.963538
5160.000000	34.363256
5184.000000	33.763196
5208.000000	34.363256
5232.000000	33.963538
5256.000000	33.763196
5280.000000	33.862883
5304.000000	34.063226
5328.000000	33.663508
5352.000000	33.963538
5376.000000	33.963538
5400.000000	33.862883
5424.000000	33.763196
5448.000000	33.963538
5472.000000	31.463611
5496.000000	29.063371
5520.000000	29.063371
5544.000000	28.763341
5568.000000	28.663654
5592.000000	28.863028
5616.000000	29.063371
5640.000000	29.063371
5664.000000	28.763341
5688.000000	28.463311
5712.000000	28.763341
5736.000000	28.663654
5760.000000	28.663654
5784.000000	30.263491
5808.000000	28.863028
5832.000000	29.163058
5856.000000	28.963684
5880.000000	28.863028
5904.000000	28.663654
5928.000000	29.063371
5952.000000	29.163058
5976.000000	29.263714
6000.000000	29.063371
6024.000000	29.063371
6048.000000	28.663654
6072.000000	28.863028
6096.000000	28.963684
6120.000000	29.063371
6144.000000	28.663654
6168.000000	28.763341
6192.000000	28.763341
6216.000000	28.763341
6240.000000	28.863028
6264.000000	28.963684
6288.000000	28.763341
6312.000000	29.263714
6336.000000	28.963684
6360.000000	28.463311
6384.000000	28.863028
6408.000000	28.863028
6432.000000	28.863028
6456.000000	28.562998
6480.000000	28.763341
6504.000000	28.963684
6528.000000	28.763341
6552.000000	27.863251
6576.000000	28.663654
6600.000000	28.562998
6624.000000	28.562998
6648.000000	28.963684
6672.000000	28.663654
6696.000000	28.562998
6720.000000	28.763341
6744.000000	28.863028
6768.000000	28.763341
6792.000000	28.863028
6816.000000	28.963684
6840.000000	29.063371
6864.000000	28.963684
6888.000000	28.963684
6912.000000	29.063371
6936.000000	28.963684
6960.000000	28.562998
6984.000000	28.963684
7008.000000	28.562998
7032.000000	28.463311
7056.000000	28.663654
7080.000000	28.463311
7104.000000	28.663654
7128.000000	28.963684
7152.000000	28.363624
7176.000000	28.663654
7200.000000	28.663654
7224.000000	28.562998
7248.000000	28.663654
7272.000000	28.763341
7296.000000	28.463311
7320.000000	28.763341
7344.000000	28.562998
7368.000000	28.663654
7392.000000	28.763341
7416.000000	28.663654
7440.000000	28.363624
7464.000000	28.663654
7488.000000	28.463311
7512.000000	28.663654
7536.000000	28.663654
7560.000000	29.263714
7584.000000	28.663654
7608.000000	28.863028
7632.000000	28.562998
7656.000000	28.963684
7680.000000	28.562998
7704.000000	28.863028
7728.000000	28.562998
7752.000000	28.562998
7776.000000	28.663654
7800.000000	28.763341
7824.000000	29.163058
7848.000000	29.163058
7872.000000	28.663654
7896.000000	28.663654
7920.000000	28.763341
7944.000000	28.863028
7968.000000	28.262968
7992.000000	28.562998
8016.000000	28.562998
8040.000000	29.163058
8064.000000	28.863028
8088.000000	28.863028
8112.000000	28.863028
8136.000000	28.663654
8160.000000	28.763341
8184.000000	28.863028
8208.000000	28.663654
8232.000000	28.562998
8256.000000	28.863028
8280.000000	29.063371
8304.000000	28.663654
8328.000000	28.763341
8352.000000	28.363624
8376.000000	29.063371
8400.000000	28.363624
8424.000000	28.763341
8448.000000	28.763341
8472.000000	28.763341
8496.000000	28.963684
8520.000000	28.863028
8544.000000	28.663654
8568.000000	28.963684
8592.000000	28.763341
8616.000000	28.763341
8640.000000	28.763341
8664.000000	28.562998
8688.000000	28.963684
8712.000000	28.863028
8736.000000	28.763341
8760.000000	28.663654
8784.000000	28.963684
8808.000000	28.763341
8832.000000	28.463311
8856.000000	28.763341
8880.000000	28.663654
8904.000000	28.463311
8928.000000	28.963684
8952.000000	30.363178
8976.000000	30.163804
9000.000000	30.563521
9024.000000	31.163581
9048.000000	29.063371
9072.000000	29.263714
9096.000000	30.263491
9120.000000	32.863106
9144.000000	41.463321
9168.000000	46.862893
9192.000000	43.963248
9216.000000	39.263423
9240.000000	39.163736
9264.000000	32.263046
9288.000000	30.363178
9312.000000	31.763641
9336.000000	29.763118
9360.000000	28.963684
9384.000000	28.863028
9408.000000	29.563744
9432.000000	28.663654
9456.000000	28.463311
9480.000000	28.663654
9504.000000	29.063371
9528.000000	28.863028
9552.000000	28.863028
9576.000000	28.963684
9600.000000	29.063371
9624.000000	28.663654
9648.000000	32.463388
9672.000000	35.263346
9696.000000	37.862961
9720.000000	82.162874
9744.000000	101.062829
9768.000000	102.363604
9792.000000	88.863222
9816.000000	53.263210
9840.000000	45.163368
9864.000000	37.262901
9888.000000	30.762896
9912.000000	29.863774
9936.000000	30.563521
9960.000000	29.763118
9984.000000	29.963461
10008.000000	29.763118
10032.000000	29.663431
10056.000000	29.563744
10080.000000	29.363401
10104.000000	29.763118
10128.000000	30.263491
10152.000000	29.763118
10176.000000	31.563298
10200.000000	38.263646
10224.000000	41.163291
10248.000000	39.463766
10272.000000	38.963393
10296.000000	38.263646
10320.000000	38.363333
10344.000000	37.963616
10368.000000	38.363333
10392.000000	38.363333
10416.000000	38.063303
10440.000000	37.862961
10464.000000	38.363333
10488.000000	38.063303
10512.000000	37.363556
10536.000000	37.463243
10560.000000	43.363188
10584.000000	39.563453
10608.000000	38.763051
10632.000000	38.463021
10656.000000	38.363333
10680.000000	38.463021
10704.000000	37.963616
10728.000000	38.263646
10752.000000	37.862961
10776.000000	38.162991
10800.000000	38.663363
10824.000000	39.063081
10848.000000	39.463766
10872.000000	39.663141
10896.000000	39.263423
10920.000000	40.263201
10944.000000	40.163513
10968.000000	39.963171
10992.000000	39.463766
11016.000000	40.062858
11040.000000	40.062858
11064.000000	39.063081
11088.000000	36.962871
11112.000000	36.463466
11136.000000	35.963093
11160.000000	34.663286
11184.000000	34.162913
11208.000000	31.863328
11232.000000	32.263046
11256.000000	34.963316
11280.000000	36.263123
11304.000000	37.063526
11328.000000	38.162991
11352.000000	37.963616
11376.000000	38.363333
11400.000000	38.463021
11424.000000	38.463021
11448.000000	39.263423
11472.000000	38.663363
11496.000000	39.163736
11520.000000	38.863706
11544.000000	39.963171
11568.000000	39.963171
11592.000000	40.062858
11616.000000	40.563231
11640.000000	40.263201
11664.000000	39.863483
11688.000000	39.363111
11712.000000	39.263423
11736.000000	39.263423
11760.000000	39.363111
11784.000000	39.863483
11808.000000	39.463766
11832.000000	38.863706
11856.000000	37.763273
11880.000000	38.063303
11904.000000	38.063303
11928.000000	38.162991
11952.000000	37.663586
11976.000000	36.763496
12000.000000	37.763273
12024.000000	35.563376
12048.000000	33.862883
12072.000000	32.463388
12096.000000	31.362956
12120.000000	31.863328
12144.000000	31.563298
12168.000000	32.263046
12192.000000	32.163358
12216.000000	32.663731
12240.000000	32.763418
12264.000000	33.163136
12288.000000	32.463388
12312.000000	32.963761
12336.000000	33.763196
12360.000000	33.963538
12384.000000	33.763196
12408.000000	33.463166
12432.000000	34.363256
12456.000000	34.363256
12480.000000	35.163658
12504.000000	35.163658
12528.000000	35.163658
12552.000000	34.462943
12576.000000	35.263346
12600.000000	35.463688
12624.000000	32.963761
12648.000000	32.663731
12672.000000	35.463688
12696.000000	36.163436
12720.000000	35.563376
12744.000000	35.963093
12768.000000	35.363033
12792.000000	34.563598
12816.000000	34.462943
12840.000000	35.063003
12864.000000	33.663508
12888.000000	34.263568
12912.000000	34.863628
12936.000000	33.763196
12960.000000	34.462943
12984.000000	34.363256
13008.000000	34.963316
13032.000000	35.463688
13056.000000	34.162913
13080.000000	34.063226
13104.000000	32.363701
13128.000000	34.462943
13152.000000	35.663063
13176.000000	35.063003
13200.000000	34.663286
13224.000000	33.963538
13248.000000	34.863628
13272.000000	34.663286
13296.000000	36.663808
13320.000000	37.063526
13344.000000	38.363333
13368.000000	38.363333
13392.000000	38.363333
13416.000000	37.663586
13440.000000	31.863328
13464.000000	33.363478
13488.000000	33.363478
13512.000000	36.863183
13536.000000	41.563008
13560.000000	42.063381
13584.000000	41.063603
13608.000000	40.362888
13632.000000	41.163291
13656.000000	35.363033
13680.000000	34.863628
13704.000000	36.063748
13728.000000	36.063748
13800.000000	32.163358
13824.000000	32.363701
13848.000000	32.363701
13872.000000	32.363701
13896.000000	32.363701
13920.000000	31.763641
13944.000000	32.263046
13968.000000	32.263046
13992.000000	31.863328
14016.000000	31.163581
14040.000000	31.163581
14064.000000	31.163581
14088.000000	31.163581
14112.000000	31.163581
14136.000000	29.963461
14160.000000	28.963684
14184.000000	29.663431
14208.000000	29.963461
14232.000000	29.263714
14256.000000	28.863028
14280.000000	29.163058
14304.000000	29.763118
14328.000000	29.763118
14352.000000	29.763118
14376.000000	28.863028
14400.000000	29.963461
14424.000000	29.963461
14448.000000	29.963461
14472.000000	29.963461
14496.000000	29.963461
14520.000000	29.963461
14544.000000	29.863774
14568.000000	27.763564
14592.000000	28.863028
14616.000000	30.263491
14640.000000	29.263714
14664.000000	28.163281
14688.000000	28.963684
14712.000000	28.562998
14736.000000	29.463088
14760.000000	30.563521
14784.000000	32.863106
14808.000000	32.863106
14832.000000	32.863106
14856.000000	32.863106
14880.000000	32.863106
14904.000000	30.863551
14928.000000	30.563521
14952.000000	33.563821
14976.000000	34.663286
15000.000000	32.063671
15024.000000	30.762896
15048.000000	31.863328
15072.000000	31.863328
15096.000000	31.863328
15120.000000	31.863328
15144.000000	34.863628
15168.000000	35.663063
15192.000000	35.663063
15216.000000	35.663063
15240.000000	35.663063
15264.000000	35.663063
15288.000000	35.663063
15312.000000	35.663063
15336.000000	35.663063
15360.000000	35.663063
15384.000000	35.663063
15408.000000	35.663063
15432.000000	35.663063
15456.000000	35.663063
15480.000000	35.663063
15504.000000	35.663063
15528.000000	35.663063
15552.000000	33.263791
15576.000000	34.162913
15600.000000	34.162913
15624.000000	34.162913
15648.000000	34.162913
15672.000000	34.162913
15696.000000	34.162913
15720.000000	34.162913
15744.000000	34.162913
15768.000000	34.162913
15792.000000	34.162913
15816.000000	34.162913
15840.000000	34.162913
15864.000000	34.162913
15888.000000	33.663508
15912.000000	34.563598
15936.000000	34.563598
15960.000000	34.563598
15984.000000	34.563598
16008.000000	34.162913
16032.000000	32.463388
16056.000000	33.163136
16080.000000	31.362956
16104.000000	31.463611
16128.000000	31.563298
16152.000000	33.163136
16176.000000	34.462943
16200.000000	34.462943
16224.000000	34.462943
16248.000000	30.463834
16272.000000	28.863028
16296.000000	30.563521
16320.000000	30.663208
16344.000000	31.662986
16368.000000	29.463088
16392.000000	30.762896
16416.000000	29.663431
16440.000000	29.863774
16464.000000	30.663208
16488.000000	30.663208
16512.000000	36.763496
16536.000000	30.863551
16560.000000	31.963016
16584.000000	35.263346
16608.000000	31.463611
16632.000000	31.662986
16656.000000	30.563521
16680.000000	31.963016
16704.000000	32.463388
16728.000000	30.663208
16752.000000	30.863551
16776.000000	31.163581
16800.000000	30.563521
16824.000000	35.363033
16848.000000	38.863706
16872.000000	40.062858
16896.000000	40.662918
16920.000000	40.662918
16944.000000	40.263201
16968.000000	40.062858
17448.000000	76.862990
17472.000000	52.463775
17496.000000	43.863561
17520.000000	39.363111
17544.000000	36.463466
17568.000000	34.162913
17592.000000	32.363701
17616.000000	31.863328
17640.000000	29.563744
17664.000000	27.263191
17688.000000	27.163504
17712.000000	26.563444
17736.000000	29.863774
17760.000000	28.963684
17784.000000	31.662986
17808.000000	30.463834
17832.000000	38.463021
17856.000000	41.763351
17880.000000	48.063013
17904.000000	49.962880
17928.000000	46.363488
17952.000000	43.963248
17976.000000	49.163445
18000.000000	49.863193
18024.000000	44.563308
18048.000000	43.462875
18072.000000	42.863783
18096.000000	42.563753
18120.000000	42.463098
18144.000000	42.463098
18168.000000	42.663441
18192.000000	42.963471
18216.000000	47.462953
18240.000000	48.363043
18264.000000	47.263578
18288.000000	45.263055
18312.000000	45.263055
18336.000000	45.263055
