0.000000	35.733972
0.200000	35.433942
0.450000	34.930666
0.700000	34.233822
1.033333	34.030576
1.533333	34.030576
1.700000	34.030576
2.200000	33.933792
2.700000	33.933792
3.700000	33.730546
4.700000	33.633762
6.700000	33.333732
8.700000	32.927239
10.700000	32.830456
12.700000	32.530426
14.700000	32.433642
16.700000	32.027149
18.700000	31.833582
20.700000	31.833582
22.700000	31.833582
24.700000	31.233522
28.700000	30.827029
30.700000	30.730246
32.700000	30.526999
34.700000	30.333432
36.700000	30.226969
38.700000	30.033402
40.700000	29.926939
42.700000	29.733372
44.700000	29.626909
46.700000	29.626909
48.700000	29.326879
50.700000	29.326879
52.700000	29.230096
54.700000	29.326879
56.700000	29.326879
58.700000	29.230096
60.700000	29.230096
62.700000	29.133312
64.700000	29.133312
66.700000	29.133312
68.700000	29.026849
70.700000	28.930066
72.700000	28.833282
78.700000	28.726819
80.700000	28.726819
84.700000	28.630036
90.700000	28.630036
96.366667	28.029976
96.700000	28.029976
97.350000	28.533252
100.366667	28.533252
101.366667	28.726819
102.700000	28.330006
104.366667	28.233222
104.700000	28.233222
105.366667	28.726819
108.366667	27.933192
109.366667	28.630036
112.383333	28.126759
113.383333	28.726819
114.700000	28.330006
116.383333	28.233222
117.383333	28.630036
120.383333	28.533252
120.700000	28.533252
121.383333	28.630036
124.383333	28.630036
125.383333	28.630036
126.700000	28.630036
128.383333	28.330006
128.700000	28.330006
129.383333	28.630036
132.383333	28.330006
133.383333	28.630036
136.383333	28.126759
137.383333	28.726819
138.700000	28.233222
140.383333	28.330006
141.383333	28.533252
144.383333	28.233222
144.700000	28.330006
145.383333	28.533252
148.383333	28.233222
149.383333	28.533252
150.700000	28.233222
152.383333	28.233222
152.700000	28.233222
153.383333	28.533252
156.383333	28.233222
156.700000	28.533252
157.383333	28.533252
160.383333	28.233222
161.383333	28.126759
162.700000	28.126759
164.383333	27.826729
165.383333	28.126759
168.383333	28.233222
168.700000	27.633162
169.383333	28.533252
172.383333	28.233222
173.383333	28.533252
174.700000	28.233222
176.383333	28.233222
176.700000	28.233222
177.383333	28.533252
180.383333	28.233222
180.700000	28.533252
181.383333	28.533252
184.383333	27.729946
185.883333	28.533252
186.700000	28.233222
188.883333	27.729946
190.383333	27.933192
192.700000	27.633162
193.383333	27.826729
194.883333	28.126759
197.883333	28.233222
198.700000	27.633162
199.383333	28.533252
200.700000	28.233222
202.383333	27.933192
203.883333	28.533252
204.700000	27.933192
206.883333	27.633162
208.383333	28.533252
210.700000	28.233222
211.383333	27.633162
212.883333	27.729946
215.883333	27.633162
216.700000	27.826729
217.383333	27.933192
220.383333	28.233222
221.883333	28.533252
222.700000	28.233222
224.700000	28.029976
224.883333	27.933192
226.383333	28.233222
228.700000	28.426789
229.383333	27.933192
230.883333	28.233222
233.883333	27.526699
234.700000	27.826729
235.383333	27.633162
238.383333	27.429916
239.883333	27.633162
240.700000	27.429916
242.883333	27.333132
244.383333	28.533252
246.700000	27.933192
247.383333	27.633162
248.700000	27.729946
248.883333	27.826729
251.883333	27.526699
252.700000	27.826729
253.383333	27.633162
256.383333	27.429916
257.883333	27.526699
258.700000	27.226669
260.883333	27.129886
262.383333	27.226669
264.700000	27.429916
265.383333	27.033102
266.883333	28.233222
269.883333	27.526699
270.700000	27.826729
271.383333	27.633162
272.700000	27.429916
274.383333	27.333132
275.883333	28.533252
276.700000	27.933192
278.883333	27.633162
280.383333	27.033102
282.700000	27.033102
283.383333	27.633162
284.883333	27.033102
287.883333	27.429916
288.700000	27.826729
289.383333	27.226669
292.383333	28.233222
293.883333	28.533252
294.700000	28.233222
296.700000	27.526699
296.883333	27.333132
298.383333	28.233222
300.700000	28.426789
301.383333	27.333132
302.883333	27.033102
305.883333	27.429916
306.700000	27.826729
307.383333	26.926639
310.383333	27.333132
311.883333	26.829856
312.700000	26.626609
314.883333	26.433042
316.383333	27.729946
318.700000	27.729946
319.383333	27.633162
320.700000	27.633162
320.883333	27.826729
323.883333	27.526699
324.700000	27.633162
325.383333	27.633162
328.383333	26.433042
330.133333	26.829856
330.700000	26.829856
331.700000	26.529825
335.700000	26.229795
336.116667	26.026549
336.700000	26.326579
338.100000	26.626609
339.033333	26.529825
341.100000	26.529825
342.600000	26.733072
344.700000	26.433042
345.600000	26.529825
347.100000	26.829856
348.700000	26.626609
350.100000	26.433042
351.600000	26.829856
354.600000	26.433042
354.700000	26.433042
356.100000	26.733072
359.100000	26.433042
360.600000	26.733072
360.700000	26.626609
363.533333	26.829856
365.200000	26.733072
368.200000	26.433042
368.700000	26.433042
369.700000	26.829856
372.700000	26.433042
374.200000	26.829856
377.216667	26.433042
378.700000	26.733072
378.716667	26.829856
380.766667	26.733072
382.216667	27.033102
382.433333	27.033102
383.700000	27.526699
384.383333	27.429916
384.700000	27.033102
389.433333	26.433042
390.933333	26.829856
392.700000	26.829856
393.100000	26.433042
394.700000	26.829856
396.700000	26.829856
397.700000	26.433042
399.200000	26.829856
402.216667	26.433042
402.700000	26.733072
403.716667	26.529825
405.716667	26.326579
407.216667	27.129886
407.416667	27.129886
408.700000	26.829856
409.883333	27.429916
414.700000	27.429916
416.700000	27.526699
420.700000	26.926639
426.466667	26.229795
426.700000	26.733072
427.966667	25.832982
430.966667	26.326579
432.466667	25.929765
432.700000	26.626609
435.466667	26.433042
436.966667	26.829856
439.966667	26.433042
440.700000	26.229795
441.466667	25.929765
444.466667	26.626609
444.700000	26.626609
445.966667	25.929765
448.966667	26.433042
450.466667	25.929765
450.700000	26.229795
453.466667	25.832982
454.966667	25.929765
456.700000	25.726519
457.966667	26.229795
459.466667	26.133012
461.500000	26.433042
463.033333	26.229795
463.266667	26.026549
464.700000	26.229795
466.033333	31.630336
466.700000	26.229795
468.700000	26.026549
474.700000	26.326579
475.233333	25.426489
477.216667	26.026549
480.216667	26.433042
480.700000	25.532952
481.716667	26.026549
484.716667	26.433042
486.216667	26.026549
486.700000	26.026549
488.700000	26.026549
489.750000	26.326579
492.700000	26.133012
496.683333	26.133012
498.700000	25.532952
499.466667	25.929765
504.700000	26.433042
510.700000	26.229795
512.700000	25.726519
516.700000	25.726519
522.700000	25.629735
528.700000	25.126459
534.700000	24.932892
536.700000	24.729645
540.700000	24.429615
544.700000	24.429615
545.250000	24.429615
548.933333	27.226669
549.700000	27.226669
551.816667	25.832982
552.700000	25.126459
558.700000	24.932892
560.700000	24.226369
564.700000	24.332832
570.700000	24.332832
576.700000	24.332832
582.700000	24.226369
584.700000	24.129585
588.700000	24.032802
594.700000	23.926339
600.700000	23.926339
606.700000	23.926339
608.700000	23.926339
612.700000	23.926339
618.700000	23.926339
624.700000	23.829555
630.700000	23.829555
632.700000	23.829555
636.700000	23.732772
642.700000	23.732772
648.700000	23.626309
654.700000	23.626309
656.700000	23.626309
660.700000	23.626309
666.700000	23.626309
672.700000	23.529525
678.700000	23.529525
680.700000	23.432742
684.700000	23.432742
690.700000	23.432742
696.700000	23.432742
702.700000	23.432742
704.700000	23.229495
708.700000	23.229495
714.700000	23.229495
720.700000	23.132712
726.700000	23.132712
728.700000	23.132712
732.700000	23.132712
738.700000	23.132712
743.033333	23.132712
743.716667	23.132712
743.916667	23.132712
744.700000	23.132712
746.016667	23.326279
750.700000	23.326279
752.700000	23.829555
756.700000	23.432742
762.700000	23.432742
768.700000	22.726219
774.700000	22.726219
776.700000	22.726219
780.700000	22.232622
786.700000	22.232622
792.700000	21.729345
798.700000	21.729345
800.700000	21.729345
804.700000	21.826129
810.700000	21.826129
816.700000	21.826129
822.700000	21.826129
824.700000	21.826129
828.700000	21.826129
834.700000	21.826129
840.700000	21.729345
846.700000	21.729345
848.700000	21.729345
852.700000	21.632562
858.700000	21.632562
864.700000	21.632562
870.700000	21.632562
872.700000	21.632562
876.700000	21.526099
882.700000	21.526099
888.700000	21.429315
894.700000	21.429315
896.700000	21.429315
900.700000	21.429315
906.700000	21.429315
912.700000	21.332532
918.700000	21.226069
920.700000	21.226069
922.700000	21.226069
924.700000	21.226069
930.700000	21.226069
936.700000	21.226069
942.700000	21.226069
944.700000	21.226069
948.700000	21.226069
954.700000	21.226069
960.700000	21.032502
966.700000	21.032502
968.700000	21.032502
972.700000	21.032502
978.700000	21.032502
984.700000	21.032502
990.700000	21.032502
992.700000	21.032502
996.700000	20.732472
1002.700000	20.732472
1008.700000	20.626009
1014.700000	20.626009
1016.700000	20.626009
1020.700000	20.626009
1026.700000	20.626009
1032.700000	20.529225
1038.700000	20.529225
1040.700000	20.529225
1044.700000	20.432442
1050.700000	20.432442
1051.966667	20.432442
1052.433333	20.229195
1056.700000	20.229195
1062.700000	20.732472
1064.700000	20.732472
1068.700000	20.432442
1074.700000	20.229195
1080.700000	20.025949
1086.700000	19.725919
1088.700000	19.725919
1092.700000	19.725919
1092.783333	18.825829
1093.783333	19.329105
1098.700000	19.629135
1104.700000	16.232022
1110.700000	19.425889
1112.700000	19.425889
1116.700000	19.425889
1122.700000	19.425889
1128.700000	19.425889
1134.700000	19.425889
1136.700000	19.425889
1140.700000	19.425889
1146.700000	19.425889
1152.700000	19.425889
1158.700000	19.425889
1160.700000	19.425889
1164.700000	19.329105
1170.700000	19.425889
1176.700000	19.425889
1182.700000	19.425889
1184.700000	19.425889
1188.700000	19.425889
1194.700000	19.425889
1200.700000	19.425889
1206.700000	19.425889
1208.700000	19.425889
1212.700000	19.425889
1218.700000	19.425889
1224.700000	19.425889
1230.700000	19.425889
1232.700000	19.425889
1236.700000	19.425889
1242.700000	19.425889
1248.700000	19.329105
1254.700000	19.329105
1256.700000	19.329105
1260.700000	19.329105
1266.700000	19.329105
1272.700000	19.329105
1278.700000	19.329105
1280.700000	19.329105
1284.700000	19.329105
1290.700000	19.329105
1296.700000	19.232322
1302.700000	19.232322
1304.700000	19.232322
1308.700000	19.232322
1314.700000	19.232322
1315.083333	19.629135
1315.700000	19.725919
1320.700000	19.725919
1326.700000	19.532352
1328.700000	18.825829
1332.700000	18.825829
1338.700000	18.825829
1344.700000	19.029075
1350.700000	19.029075
1352.700000	19.029075
1356.700000	19.029075
1362.700000	19.029075
1368.700000	19.029075
1374.700000	19.029075
1376.700000	19.029075
1380.700000	18.932292
1386.700000	18.932292
1392.700000	18.932292
1398.700000	19.029075
1400.700000	19.029075
1404.700000	18.932292
1410.700000	18.932292
1416.700000	18.932292
1422.700000	18.932292
1424.700000	18.932292
1428.700000	18.932292
1434.700000	18.932292
1440.700000	18.932292
1446.700000	18.932292
1448.700000	18.932292
1452.700000	18.932292
1458.700000	18.825829
1464.700000	18.825829
1470.700000	18.825829
1472.700000	18.825829
1476.700000	18.825829
1482.700000	18.932292
1488.700000	18.825829
1494.700000	18.825829
1496.700000	18.825829
1500.700000	18.825829
1506.700000	18.825829
1512.700000	18.825829
1518.700000	18.825829
1520.700000	18.825829
1524.700000	18.825829
1530.700000	18.729045
1536.700000	18.729045
1542.700000	18.729045
1544.700000	18.729045
1548.700000	18.729045
1554.700000	18.729045
1560.700000	18.729045
1566.700000	18.632262
1568.700000	18.632262
1572.700000	18.729045
1578.700000	18.632262
1584.700000	18.729045
1590.700000	18.729045
1592.700000	18.729045
1596.700000	18.729045
1602.700000	18.729045
1608.700000	18.632262
1614.700000	18.632262
1616.700000	18.632262
1620.700000	18.632262
1626.700000	18.632262
1632.700000	18.632262
1638.700000	18.632262
1640.700000	18.632262
1644.700000	18.632262
1650.700000	18.525799
1656.700000	18.632262
1662.700000	18.525799
1664.700000	18.525799
1668.700000	18.525799
1674.700000	18.525799
1680.700000	18.525799
1686.700000	18.525799
1688.700000	18.525799
1692.700000	18.525799
1698.700000	18.525799
1704.700000	18.525799
1710.700000	18.429015
1712.700000	18.429015
1716.700000	18.429015
1722.700000	18.429015
1728.700000	18.429015
1734.700000	18.429015
1736.700000	18.429015
1740.700000	18.429015
1746.400000	17.528925
1746.700000	17.528925
1747.433333	18.429015
1747.700000	18.429015
1752.700000	18.332232
1753.716667	17.528925
1754.733333	18.429015
1755.700000	18.429015
1756.383333	18.429015
1757.366667	18.429015
1758.700000	18.429015
1759.683333	17.732172
1760.666667	18.429015
1760.700000	18.429015
1762.250000	17.732172
1763.250000	18.429015
1764.700000	18.729045
1764.900000	17.732172
1765.916667	18.525799
1768.016667	18.128985
1768.700000	18.128985
1769.333333	18.429015
1770.700000	18.429015
1771.333333	17.828955
1772.333333	18.525799
1774.333333	18.128985
1775.333333	18.332232
1776.700000	17.828955
1777.133333	18.128985
1778.250000	18.525799
1780.116667	17.828955
1781.166667	18.429015
1782.700000	18.429015
1782.933333	17.828955
1783.966667	18.525799
1784.700000	18.429015
1785.066667	17.625709
1786.066667	18.332232
1787.950000	18.332232
1789.000000	18.332232
1791.000000	18.932292
1792.000000	18.632262
1794.000000	19.029075
1794.700000	19.029075
1794.966667	18.429015
1796.966667	18.128985
1797.966667	18.729045
1799.966667	18.932292
1800.700000	18.128985
1800.966667	18.632262
1802.966667	18.632262
1803.966667	18.632262
1805.966667	17.925739
1806.700000	19.029075
1806.966667	18.525799
1808.700000	18.429015
1808.966667	18.932292
1809.966667	18.632262
1811.966667	17.925739
1812.700000	18.429015
1812.966667	18.632262
1814.966667	17.925739
1815.966667	18.632262
1817.966667	17.925739
1818.700000	18.032202
1818.966667	18.632262
1820.966667	18.128985
1821.966667	18.429015
1823.750000	18.225769
1824.700000	18.429015
1826.000000	19.125859
1828.000000	19.125859
1829.000000	18.429015
1830.700000	18.429015
1831.000000	18.525799
1832.000000	18.825829
1832.700000	18.429015
1833.950000	18.932292
1834.966667	18.525799
1836.700000	18.932292
1836.766667	18.225769
1837.816667	18.825829
1839.816667	18.825829
1840.833333	18.525799
1842.700000	19.125859
1842.816667	18.525799
1843.816667	18.729045
1845.816667	18.429015
1846.816667	18.225769
1848.533333	18.525799
1848.700000	18.525799
1850.050000	18.932292
1851.883333	19.125859
1853.050000	18.429015
1854.700000	18.429015
1855.050000	18.525799
1856.050000	18.825829
1856.700000	18.225769
1857.633333	18.525799
1858.616667	18.225769
1860.616667	18.525799
1860.700000	18.525799
1861.616667	18.729045
1863.616667	18.525799
1864.616667	18.729045
1866.333333	18.225769
1866.700000	18.225769
1867.333333	18.825829
1867.700000	18.825829
1869.333333	18.632262
1870.333333	18.932292
1872.333333	18.729045
1872.700000	18.729045
1873.333333	18.825829
1874.166667	18.632262
1874.200000	18.632262
1874.750000	18.632262
1876.700000	18.332232
1878.700000	18.825829
1880.700000	19.425889
1884.700000	19.232322
1888.683333	18.429015
1889.683333	18.632262
1890.700000	18.225769
1891.683333	18.825829
1892.683333	18.525799
1892.700000	18.525799
1894.683333	18.429015
1895.683333	18.632262
1896.700000	18.225769
1897.683333	18.932292
1898.683333	18.729045
1900.683333	18.729045
1901.683333	18.632262
1902.700000	18.225769
1903.683333	18.525799
1904.683333	18.632262
1904.700000	19.329105
1906.600000	18.932292
1907.600000	18.632262
1908.700000	19.329105
1909.583333	18.525799
1910.583333	18.825829
1912.583333	19.232322
1913.583333	18.825829
1914.700000	18.032202
1915.583333	18.225769
1916.583333	18.932292
1918.583333	18.225769
1919.583333	18.825829
1920.700000	18.429015
1920.966667	18.429015
1922.483333	18.825829
1924.483333	19.232322
1926.700000	18.525799
1927.483333	18.225769
1928.483333	18.932292
1928.700000	18.032202
1930.483333	18.332232
1931.483333	18.825829
1932.700000	18.429015
1933.483333	19.329105
1934.483333	18.825829
1936.483333	19.232322
1937.483333	18.932292
1938.700000	18.429015
1939.483333	18.825829
1940.483333	18.825829
1942.483333	18.225769
1943.483333	19.029075
1944.700000	18.332232
1945.483333	18.825829
1946.483333	18.825829
1948.483333	19.232322
1949.483333	18.729045
1950.700000	18.525799
1951.483333	18.225769
1952.483333	19.029075
1952.700000	18.032202
1954.483333	18.332232
1955.483333	18.825829
1956.700000	19.425889
1957.466667	19.329105
1958.466667	18.825829
1960.450000	18.632262
1961.466667	18.932292
1962.700000	18.429015
1963.450000	18.429015
1964.450000	18.825829
1966.450000	19.532352
1967.466667	19.029075
1968.700000	18.332232
1969.483333	18.825829
1970.466667	19.029075
1972.466667	19.232322
1973.466667	18.729045
1974.700000	18.525799
1975.466667	18.225769
1976.466667	19.029075
1976.700000	18.032202
1978.466667	18.332232
1979.466667	18.825829
1980.700000	18.429015
1981.466667	19.329105
1982.466667	18.825829
1984.466667	18.332232
1985.466667	18.525799
1986.700000	18.525799
1987.466667	18.525799
1988.466667	18.525799
1990.466667	19.232322
1991.466667	19.125859
1992.700000	18.332232
1993.466667	19.329105
1994.466667	19.232322
1996.466667	19.232322
1997.466667	18.729045
1998.700000	18.525799
1999.466667	18.225769
2000.466667	19.029075
2000.700000	18.729045
2002.466667	18.332232
2003.466667	18.825829
2004.700000	18.525799
2005.466667	19.329105
2006.466667	18.825829
2008.466667	18.632262
2009.466667	19.125859
2010.700000	18.525799
2011.466667	18.825829
2012.466667	19.029075
2014.466667	18.932292
2015.466667	19.125859
2016.700000	18.825829
2017.466667	18.932292
2018.466667	19.232322
2020.466667	19.232322
2021.466667	19.125859
2022.700000	18.525799
2023.466667	18.729045
2024.466667	19.029075
2024.700000	18.729045
2026.466667	18.332232
2027.466667	18.825829
2028.700000	19.232322
2029.466667	19.329105
2030.466667	18.825829
2032.466667	19.232322
2033.466667	19.232322
2034.700000	19.125859
2035.466667	19.232322
2036.466667	19.232322
2038.466667	19.232322
2039.466667	19.425889
2040.700000	19.029075
2041.283333	19.425889
2042.400000	19.532352
2044.400000	19.232322
2045.400000	19.125859
2046.700000	18.525799
2047.400000	18.729045
2048.400000	19.029075
2048.700000	18.729045
2050.400000	18.332232
2051.400000	18.825829
2052.700000	19.232322
2053.383333	19.329105
2054.383333	18.825829
2056.383333	19.232322
2057.400000	19.029075
2058.700000	18.729045
2059.400000	18.525799
2059.700000	18.525799
2060.850000	19.029075
2064.700000	19.629135
2070.700000	19.629135
2072.700000	19.629135
2074.850000	19.125859
2075.850000	18.825829
2076.700000	18.429015
2077.850000	19.425889
2078.850000	18.525799
2080.700000	18.525799
2080.850000	18.632262
2082.700000	19.629135
2082.833333	18.932292
2088.700000	19.532352
2092.700000	19.329105
2094.700000	19.125859
2096.700000	19.125859
2096.833333	18.429015
2097.833333	19.029075
2099.833333	18.825829
2100.700000	18.932292
2100.833333	19.125859
2102.833333	18.825829
2103.833333	19.029075
2105.833333	18.729045
2106.700000	18.932292
2106.833333	18.729045
2108.683333	18.932292
2109.683333	19.232322
2111.683333	19.125859
2112.683333	19.125859
2112.700000	19.125859
2114.683333	18.525799
2115.683333	18.825829
2117.683333	19.232322
2118.683333	19.329105
2118.700000	19.329105
2120.683333	19.425889
2120.700000	19.425889
2121.683333	18.825829
2123.683333	19.232322
2124.683333	19.232322
2124.700000	19.232322
2126.683333	19.832382
2127.683333	18.825829
2129.683333	18.729045
2130.700000	19.232322
2132.700000	19.232322
2133.700000	19.125859
2135.700000	19.725919
2136.700000	18.825829
2138.700000	19.232322
2139.700000	18.825829
2141.700000	19.232322
2142.700000	19.425889
2144.700000	18.825829
2144.716667	19.232322
2145.700000	18.825829
2147.700000	19.232322
2148.700000	19.329105
2149.700000	19.232322
2151.700000	19.329105
2153.700000	18.932292
2154.700000	19.125859
2156.683333	19.125859
2157.700000	19.629135
2159.683333	19.029075
2160.700000	19.425889
2162.683333	19.425889
2163.700000	18.825829
2165.700000	19.232322
2166.700000	19.425889
2168.700000	19.029075
2168.716667	19.029075
2169.700000	18.825829
2171.700000	19.232322
2172.700000	19.232322
2174.700000	19.232322
2175.700000	19.029075
2177.700000	19.425889
2178.700000	19.532352
2180.700000	18.825829
2181.700000	19.125859
2183.700000	19.329105
2184.700000	18.932292
2186.700000	19.425889
2187.700000	18.825829
2189.700000	19.232322
2190.700000	19.425889
2192.700000	19.329105
2192.716667	19.329105
2193.700000	18.825829
2195.700000	19.232322
2196.700000	19.532352
2198.700000	19.232322
2199.700000	19.029075
2201.700000	19.125859
2202.700000	19.532352
2203.183333	19.532352
2203.950000	19.232322
2208.700000	19.425889
2214.700000	19.425889
2216.700000	19.425889
2216.833333	18.632262
2217.716667	19.125859
2219.716667	19.232322
2220.700000	18.932292
2220.716667	18.825829
2222.716667	19.029075
2223.716667	18.932292
2225.716667	18.729045
2226.700000	19.029075
2226.716667	19.532352
2228.716667	19.532352
2229.733333	19.329105
2231.733333	18.825829
2232.700000	19.232322
2232.733333	19.329105
2234.733333	19.725919
2235.733333	19.725919
2237.733333	19.725919
2238.700000	19.725919
2238.733333	19.725919
2240.700000	19.725919
2240.733333	19.725919
2241.733333	19.125859
2243.733333	19.232322
2244.700000	19.232322
2244.733333	18.825829
2246.733333	19.029075
2247.733333	19.232322
2249.733333	18.825829
2250.700000	19.232322
2250.716667	19.329105
2252.716667	19.929165
2253.716667	19.929165
2255.716667	18.932292
2256.700000	19.232322
2256.716667	19.329105
2258.716667	18.932292
2259.716667	19.725919
2261.716667	19.725919
2262.700000	19.725919
2262.716667	19.725919
2264.700000	19.725919
2264.716667	19.725919
2265.716667	19.125859
2267.716667	19.232322
2268.700000	19.232322
2268.716667	18.825829
2270.716667	19.029075
2271.716667	18.729045
2273.716667	19.125859
2274.700000	19.232322
2274.716667	19.329105
2276.733333	18.825829
2277.733333	19.329105
2279.733333	18.932292
2280.700000	19.232322
2280.733333	19.125859
2282.733333	19.725919
2283.733333	19.725919
2285.733333	19.725919
2286.700000	19.725919
2286.733333	19.725919
2288.700000	19.725919
2288.733333	19.725919
2289.733333	19.125859
2291.733333	19.725919
2292.700000	19.232322
2292.733333	18.825829
2294.733333	19.029075
2295.733333	19.029075
2297.733333	18.729045
2298.500000	23.229495
2298.700000	18.932292
2304.700000	19.725919
2310.450000	18.632262
2310.700000	18.632262
2311.450000	19.125859
2312.700000	19.125859
2313.450000	18.225769
2314.450000	19.125859
2316.450000	18.825829
2317.450000	19.125859
2319.450000	18.825829
2320.450000	19.125859
2322.450000	18.825829
2322.700000	18.932292
2323.450000	19.125859
2325.450000	18.825829
2326.450000	19.125859
2328.450000	18.825829
2328.700000	18.825829
2329.450000	19.125859
2331.450000	18.825829
2332.450000	19.125859
2334.450000	19.629135
2334.700000	19.629135
2335.450000	19.029075
2336.700000	18.825829
2337.116667	18.225769
2338.116667	19.125859
2340.116667	19.029075
2340.700000	19.029075
2341.116667	19.125859
2343.116667	19.532352
2344.116667	19.125859
2346.116667	18.729045
2346.700000	18.825829
2347.116667	19.125859
2349.116667	18.729045
2350.116667	19.125859
2352.116667	18.729045
2352.700000	18.729045
2353.116667	19.125859
2355.116667	18.729045
2356.116667	19.232322
2358.116667	19.725919
2358.700000	19.029075
2359.116667	19.232322
2360.700000	19.232322
2361.100000	19.725919
2362.116667	19.232322
2364.116667	18.729045
2364.700000	19.029075
2365.116667	19.232322
2367.116667	19.725919
2368.116667	19.125859
2370.116667	18.729045
2370.700000	18.825829
2371.116667	19.125859
2373.116667	18.729045
2374.116667	19.125859
2376.116667	18.729045
2376.700000	18.729045
2377.116667	19.125859
2379.116667	18.729045
2380.116667	19.232322
2382.283333	19.725919
2382.700000	19.029075
2383.116667	19.232322
2384.700000	19.232322
2385.100000	19.629135
2386.116667	19.232322
2388.116667	19.532352
2388.700000	18.729045
2389.116667	19.232322
2391.116667	18.525799
2392.116667	19.125859
2394.116667	18.729045
2394.700000	18.825829
2395.116667	19.125859
2397.116667	18.729045
2398.116667	19.125859
2400.116667	18.729045
2400.700000	18.729045
2401.116667	19.125859
2403.116667	18.729045
2404.116667	19.232322
2406.283333	19.425889
2406.700000	19.029075
2407.116667	18.632262
2408.700000	18.632262
2409.100000	19.425889
2410.116667	19.125859
2412.116667	19.725919
2412.700000	18.729045
2413.116667	19.232322
2415.116667	19.532352
2416.116667	19.125859
2418.116667	18.729045
2418.700000	18.825829
2419.116667	19.125859
2421.116667	18.729045
2422.116667	19.125859
2424.116667	18.729045
2424.700000	18.729045
2425.116667	18.729045
2427.116667	18.729045
2428.116667	18.729045
2430.283333	19.629135
2430.700000	19.629135
2431.116667	18.632262
2432.700000	18.632262
2433.100000	19.425889
2434.116667	19.125859
2436.116667	19.725919
2436.700000	19.125859
2437.116667	19.232322
2439.116667	18.825829
2440.116667	19.125859
2442.116667	18.729045
2442.700000	18.825829
2443.116667	19.125859
2445.116667	18.729045
2446.116667	19.125859
2448.116667	18.729045
2448.700000	18.729045
2449.116667	18.729045
2451.116667	19.725919
2452.116667	19.125859
2454.283333	19.125859
2454.700000	19.125859
2455.116667	18.632262
2456.700000	18.632262
2457.116667	19.725919
2458.116667	19.232322
2460.116667	19.232322
2460.700000	18.932292
2461.116667	18.932292
2463.116667	18.932292
2464.116667	19.125859
2466.116667	18.729045
2466.700000	18.825829
2467.116667	19.125859
2469.116667	18.729045
2470.116667	19.125859
2472.116667	18.729045
2472.700000	18.729045
2473.116667	18.729045
2475.116667	18.429015
2476.116667	19.125859
2478.283333	19.629135
2478.700000	19.029075
2479.116667	18.525799
2480.700000	18.525799
2481.116667	18.525799
2482.116667	19.232322
2484.116667	18.932292
2484.700000	18.932292
2485.116667	18.632262
2487.116667	18.729045
2488.116667	19.125859
2490.116667	18.729045
2490.700000	18.825829
2491.116667	19.125859
2493.116667	18.729045
2494.116667	19.125859
2496.083333	18.729045
2496.700000	18.729045
2497.116667	19.125859
2499.116667	18.729045
2500.116667	18.632262
2502.116667	18.429015
2502.700000	18.429015
2503.116667	19.125859
2504.700000	19.125859
2505.116667	19.629135
2506.116667	19.125859
2508.116667	19.629135
2508.700000	19.629135
2509.116667	19.125859
2511.116667	18.729045
2512.116667	19.125859
2514.116667	18.729045
2514.700000	18.825829
2515.116667	19.125859
2517.116667	18.729045
2518.116667	19.125859
2520.083333	18.729045
2520.700000	18.729045
2521.116667	19.125859
2523.116667	18.729045
2524.116667	18.932292
2526.116667	19.629135
2526.700000	19.629135
2527.116667	19.125859
2528.700000	19.125859
2529.116667	18.729045
2530.116667	19.125859
2532.116667	19.125859
2532.700000	19.125859
2533.116667	18.932292
2535.116667	18.729045
2536.116667	19.125859
2538.116667	18.729045
2538.700000	18.825829
2539.116667	19.125859
2541.116667	18.729045
2542.116667	19.125859
2544.083333	18.729045
2544.700000	18.729045
2545.033333	19.832382
2545.700000	18.632262
2550.700000	19.725919
2552.700000	19.725919
2556.700000	19.425889
2557.033333	19.329105
2558.033333	19.125859
2559.733333	18.825829
2560.683333	19.029075
2562.516667	18.729045
2563.533333	19.425889
2565.533333	18.825829
2566.533333	19.532352
2568.466667	18.825829
2568.700000	18.825829
2569.466667	18.932292
2571.466667	18.525799
2572.466667	19.532352
2574.300000	18.128985
2575.283333	18.932292
2576.700000	18.932292
2577.283333	18.729045
2578.283333	19.125859
2580.283333	19.329105
2580.700000	19.329105
2581.283333	18.932292
2583.283333	18.429015
2584.283333	18.932292
2586.283333	18.429015
2587.283333	18.932292
2589.283333	18.429015
2590.283333	18.932292
2592.283333	18.429015
2592.700000	18.429015
2593.283333	19.329105
2595.283333	18.429015
2596.283333	18.932292
2598.283333	19.329105
2598.700000	19.329105
2599.283333	19.029075
2600.700000	19.029075
2601.283333	19.029075
2602.283333	18.932292
2604.283333	19.425889
2604.700000	19.425889
2605.283333	19.029075
2607.283333	19.329105
2608.283333	18.932292
2610.283333	18.429015
2611.283333	18.932292
2613.283333	18.429015
2614.283333	18.932292
2616.283333	18.429015
2616.700000	18.429015
2617.283333	19.329105
2619.283333	18.429015
2620.283333	18.932292
2622.283333	19.029075
2622.700000	19.029075
2623.283333	18.932292
2624.700000	18.932292
2625.283333	18.429015
2626.283333	19.329105
2628.283333	19.029075
2628.700000	18.729045
2629.283333	18.932292
2631.283333	18.932292
2632.283333	18.932292
2634.283333	18.429015
2635.283333	18.932292
2637.283333	18.429015
2638.283333	18.932292
2640.283333	18.429015
2640.700000	18.429015
2641.283333	18.932292
2643.283333	18.429015
2644.283333	18.932292
2646.283333	18.729045
2646.700000	18.632262
2647.283333	18.825829
2648.700000	18.825829
2649.283333	18.729045
2650.283333	19.029075
2652.283333	18.225769
2652.700000	18.525799
2653.283333	18.932292
2655.283333	19.329105
2656.283333	18.932292
2658.283333	18.429015
2659.283333	18.932292
2661.283333	18.429015
2662.283333	18.932292
2664.283333	18.429015
2664.700000	18.429015
2665.283333	18.932292
2667.283333	18.429015
2668.283333	18.932292
2670.283333	18.729045
2670.700000	18.525799
2671.283333	19.029075
2672.700000	19.029075
2673.283333	18.729045
2674.283333	19.029075
2676.283333	19.425889
2676.700000	18.825829
2677.283333	19.029075
2679.283333	19.029075
2680.283333	18.932292
2682.283333	18.429015
2683.283333	18.932292
2685.283333	18.429015
2686.283333	18.932292
2688.283333	18.429015
2688.700000	18.429015
2689.283333	18.932292
2691.283333	18.429015
2692.283333	19.029075
2694.283333	19.532352
2694.700000	19.532352
2695.283333	18.932292
2696.700000	18.932292
2697.283333	19.532352
2698.283333	18.932292
2700.283333	18.932292
2700.700000	18.932292
2701.283333	19.029075
2703.283333	18.729045
2704.283333	18.932292
2706.283333	18.525799
2707.283333	18.932292
2709.283333	18.632262
2710.283333	18.932292
2712.283333	18.632262
2712.700000	18.632262
2713.283333	18.932292
2715.283333	18.429015
2716.283333	19.029075
2718.283333	19.532352
2718.700000	18.632262
2719.283333	19.029075
2720.700000	19.029075
2721.283333	18.429015
2722.283333	19.029075
2724.283333	19.532352
2724.700000	19.532352
2725.283333	19.029075
2727.283333	19.425889
2728.283333	19.425889
2729.283333	19.425889
2729.700000	21.332532
2730.033333	20.025949
2732.700000	20.025949
2736.700000	19.532352
2742.033333	18.429015
2742.700000	18.429015
2743.033333	18.825829
2744.700000	18.825829
2745.033333	19.029075
2746.033333	18.632262
2747.700000	18.525799
2748.700000	18.632262
2750.700000	18.429015
2751.700000	19.125859
2753.700000	18.632262
2754.700000	18.932292
2756.700000	18.632262
2757.700000	18.932292
2759.700000	18.632262
2760.700000	18.932292
2762.700000	18.632262
2763.700000	18.932292
2765.700000	19.329105
2766.700000	18.932292
2768.700000	18.525799
2769.700000	18.932292
2771.700000	18.128985
2773.116667	18.932292
2775.116667	18.332232
2776.116667	18.932292
2778.116667	18.332232
2778.700000	18.332232
2779.116667	18.932292
2781.116667	18.332232
2782.116667	18.932292
2784.116667	18.332232
2784.700000	18.332232
2785.116667	18.932292
2787.116667	18.332232
2788.116667	18.729045
2790.116667	19.232322
2790.700000	19.232322
2791.116667	18.825829
2792.700000	18.825829
2793.116667	19.125859
2794.116667	18.932292
2796.116667	19.125859
2796.700000	19.125859
2797.116667	18.825829
2799.116667	18.225769
2800.116667	18.932292
2802.116667	18.332232
2802.700000	18.332232
2803.116667	18.932292
2805.116667	18.332232
2806.116667	18.932292
2808.116667	18.332232
2808.700000	18.332232
2809.116667	18.932292
2811.116667	18.332232
2812.116667	18.932292
2814.116667	18.332232
2814.700000	18.429015
2815.116667	18.729045
2816.700000	18.729045
2817.116667	19.125859
2818.116667	18.825829
2820.116667	19.232322
2820.700000	18.525799
2821.116667	18.825829
2823.116667	19.232322
2824.116667	18.932292
2826.116667	18.332232
2826.700000	18.332232
2827.116667	18.932292
2829.116667	18.332232
2830.116667	18.932292
2832.116667	18.332232
2832.700000	18.332232
2833.116667	18.932292
2835.116667	18.332232
2836.116667	18.825829
2838.116667	18.332232
2838.700000	18.429015
2839.116667	18.932292
2840.700000	18.932292
2841.116667	18.332232
2842.116667	18.825829
2844.116667	19.232322
2844.700000	18.632262
2845.116667	18.825829
2847.116667	19.329105
2848.116667	18.932292
2850.116667	18.332232
2850.700000	18.332232
2851.116667	18.932292
2853.116667	18.332232
2854.116667	18.932292
2856.116667	18.332232
2856.700000	18.332232
2857.116667	18.932292
2859.116667	18.332232
2860.116667	18.825829
2862.116667	19.232322
2862.700000	19.232322
2863.116667	18.825829
2864.700000	18.825829
2865.116667	18.429015
2866.116667	18.825829
2868.116667	19.232322
2868.700000	19.232322
2869.116667	18.825829
2871.116667	19.232322
2872.116667	18.932292
2874.116667	18.332232
2874.700000	18.332232
2875.116667	18.932292
2877.116667	18.332232
2878.116667	18.932292
2880.116667	18.332232
2880.700000	18.332232
2881.116667	18.932292
2883.116667	18.332232
2884.116667	18.825829
2886.116667	19.232322
2886.700000	18.429015
2887.116667	18.825829
2888.700000	18.825829
2889.116667	19.232322
2890.116667	18.825829
2892.116667	19.232322
2892.700000	18.332232
2893.116667	18.825829
2895.116667	19.232322
2896.116667	18.932292
2898.116667	18.332232
2898.700000	18.332232
2899.116667	18.932292
2901.116667	18.332232
2902.116667	18.932292
2904.116667	18.332232
2904.700000	18.332232
2905.116667	18.932292
2907.116667	18.332232
2908.200000	18.729045
2910.200000	19.329105
2910.700000	18.332232
2911.200000	18.825829
2912.700000	18.825829
2913.200000	19.329105
2914.200000	18.825829
2916.200000	19.329105
2916.700000	19.329105
2917.200000	18.825829
2919.200000	19.232322
2920.200000	18.932292
2922.200000	18.332232
2922.700000	18.332232
2923.200000	18.932292
2925.200000	18.332232
2926.200000	18.932292
2928.200000	18.332232
2928.700000	18.332232
2929.200000	18.932292
2931.200000	18.332232
2932.200000	18.825829
2934.200000	19.232322
2934.700000	19.232322
2935.200000	18.825829
2936.700000	18.825829
2937.200000	19.232322
2938.200000	18.825829
2940.200000	19.232322
2940.700000	18.332232
2941.200000	18.729045
2943.200000	19.232322
2944.200000	18.932292
2946.200000	18.332232
2946.700000	18.332232
2947.200000	18.932292
2949.200000	18.332232
2950.200000	18.932292
2952.200000	18.332232
2952.700000	18.332232
2953.200000	18.932292
2955.200000	18.332232
2956.200000	18.729045
2958.200000	19.232322
2958.700000	19.232322
2959.200000	18.729045
2960.700000	18.729045
2961.200000	18.332232
2962.200000	18.729045
2964.200000	19.232322
2964.700000	19.232322
2965.200000	18.825829
2967.200000	19.232322
2968.200000	18.932292
2970.200000	18.332232
2970.700000	18.332232
2971.200000	18.932292
2973.200000	18.332232
2974.200000	18.932292
2975.150000	17.925739
2975.200000	18.128985
2975.883333	18.332232
2976.700000	18.332232
2982.700000	19.329105
2984.700000	19.329105
2987.950000	17.828955
2988.700000	18.225769
2988.950000	18.429015
2990.950000	18.332232
2991.966667	18.525799
2993.966667	18.032202
2994.700000	18.128985
2994.966667	18.128985
2996.966667	18.128985
2997.966667	18.632262
2999.966667	18.128985
3000.700000	18.128985
3000.966667	18.525799
3002.966667	18.332232
3003.966667	18.332232
3005.966667	18.932292
3006.700000	18.429015
3006.966667	18.429015
3008.700000	19.029075
3008.966667	19.029075
3009.966667	18.632262
3011.966667	19.232322
3012.700000	18.429015
3012.966667	18.429015
3014.966667	18.429015
3015.966667	18.729045
3017.966667	18.332232
3018.700000	18.332232
3018.966667	18.632262
3020.966667	18.225769
3021.966667	18.632262
3023.966667	18.932292
3024.700000	18.932292
3024.966667	18.729045
3026.966667	18.332232
3027.966667	18.632262
3029.966667	19.125859
3030.700000	18.429015
3030.966667	18.429015
3032.700000	19.029075
3032.966667	19.232322
3033.966667	18.729045
3035.966667	19.125859
3036.700000	18.525799
3036.966667	19.232322
3038.966667	19.232322
3039.966667	18.729045
3041.966667	18.932292
3042.700000	18.332232
3042.966667	18.032202
3044.950000	18.225769
3045.966667	18.632262
3047.950000	18.225769
3048.700000	18.332232
3048.966667	18.632262
3050.966667	19.125859
3051.966667	18.632262
3053.966667	19.125859
3054.700000	18.429015
3054.966667	18.429015
3056.700000	18.932292
3056.966667	19.029075
3057.966667	18.632262
3059.966667	19.029075
3060.700000	18.429015
3060.966667	18.429015
3062.966667	18.429015
3063.966667	18.729045
3065.966667	18.032202
3066.700000	18.429015
3066.966667	18.632262
3068.966667	18.032202
3069.966667	18.632262
3071.966667	19.029075
3072.700000	18.332232
3072.966667	18.632262
3074.966667	18.128985
3075.966667	18.729045
3077.966667	19.029075
3078.700000	18.429015
3078.966667	18.729045
3080.700000	18.932292
3080.966667	19.029075
3081.966667	18.632262
3083.966667	19.125859
3084.700000	18.429015
3084.966667	18.632262
3086.966667	19.125859
3087.966667	18.632262
3089.966667	19.125859
3090.700000	18.225769
3090.966667	18.632262
3092.966667	18.225769
3093.966667	18.632262
3095.966667	19.125859
3096.700000	19.125859
3096.966667	18.729045
3098.966667	18.225769
3099.966667	18.632262
3101.966667	19.029075
3102.700000	18.429015
3102.966667	18.429015
3104.700000	18.932292
3104.966667	18.932292
3105.966667	18.632262
3107.966667	19.125859
3108.700000	18.429015
3108.966667	18.429015
3110.966667	19.029075
3111.966667	18.632262
3113.966667	18.128985
3114.700000	18.429015
3114.966667	18.632262
3116.950000	18.128985
3117.966667	18.632262
3119.966667	18.128985
3120.700000	18.429015
3120.966667	18.525799
3122.966667	18.525799
3123.966667	18.525799
3125.966667	19.029075
3126.700000	18.429015
3126.966667	18.632262
3128.700000	18.825829
3128.966667	19.029075
3129.966667	18.632262
3131.966667	19.125859
3132.700000	18.429015
3132.966667	18.429015
3134.966667	18.429015
3135.966667	18.632262
3137.966667	18.128985
3138.700000	18.225769
3138.966667	18.632262
3140.966667	18.032202
3141.966667	18.632262
3143.966667	18.128985
3144.700000	18.332232
3144.966667	18.632262
3146.966667	18.225769
3147.966667	18.729045
3149.966667	19.125859
3150.700000	18.429015
3150.966667	18.429015
3152.700000	18.932292
3152.966667	18.225769
3153.966667	18.429015
3155.966667	19.029075
3156.700000	18.429015
3156.966667	18.632262
3158.966667	18.225769
3159.966667	18.632262
3161.950000	18.632262
3162.700000	18.429015
3162.950000	18.632262
3164.950000	18.729045
3165.950000	18.632262
3167.950000	19.125859
3168.700000	18.429015
3168.950000	18.632262
3170.950000	18.128985
3171.966667	18.632262
3173.966667	19.125859
3174.700000	18.429015
3174.966667	18.729045
3176.700000	18.932292
3176.966667	19.125859
3177.966667	18.632262
3179.966667	19.029075
3180.700000	18.429015
3180.966667	18.632262
3182.966667	18.032202
3183.950000	18.632262
3185.950000	19.125859
3186.700000	18.332232
3186.950000	18.429015
3188.950000	18.225769
3189.950000	18.525799
3191.950000	19.125859
3192.700000	18.429015
3192.950000	18.525799
3194.950000	18.332232
3195.966667	18.332232
3197.966667	19.125859
3198.700000	18.429015
3198.966667	18.729045
3200.700000	18.932292
3200.966667	19.029075
3201.966667	18.632262
3202.966667	19.125859
3204.700000	18.429015
3204.966667	18.429015
3206.966667	18.225769
3207.950000	18.729045
3209.333333	18.932292
3209.700000	18.225769
3209.966667	18.225769
3210.700000	18.225769
3216.700000	19.232322
3218.900000	18.225769
3219.900000	18.632262
3221.900000	18.332232
3222.700000	18.225769
3222.900000	18.429015
3224.700000	18.932292
3224.900000	18.825829
3225.900000	18.825829
3227.900000	19.029075
3228.700000	18.332232
3228.900000	18.632262
3230.900000	18.632262
3231.900000	18.225769
3233.900000	19.029075
3234.700000	18.332232
3234.900000	18.525799
3236.900000	18.225769
3237.900000	18.632262
3239.900000	18.429015
3240.700000	18.332232
3240.900000	18.225769
3242.900000	18.225769
3243.900000	18.525799
3245.900000	19.029075
3246.700000	18.332232
3246.900000	18.332232
3248.700000	18.932292
3248.900000	19.029075
3249.900000	18.525799
3251.900000	19.029075
3252.700000	18.332232
3252.900000	18.632262
3254.900000	18.632262
3255.900000	18.525799
3257.900000	19.029075
3258.700000	18.332232
3258.916667	18.525799
3260.900000	18.128985
3261.900000	18.525799
3263.900000	19.029075
3264.700000	18.729045
3264.900000	18.632262
3266.900000	18.225769
3267.900000	18.225769
3269.900000	19.029075
3270.700000	18.332232
3270.900000	18.332232
3272.700000	18.825829
3272.900000	17.925739
3273.900000	18.525799
3275.900000	19.029075
3276.700000	18.332232
3276.900000	18.525799
3278.900000	18.225769
3279.900000	18.632262
3281.900000	18.225769
3282.700000	18.332232
3282.900000	18.525799
3284.900000	18.225769
3285.900000	18.429015
3287.900000	19.029075
3288.700000	18.332232
3288.900000	18.525799
3290.900000	17.925739
3291.900000	17.925739
3293.900000	19.029075
3294.700000	18.332232
3294.900000	18.632262
3296.700000	18.932292
3296.900000	19.029075
3297.900000	18.525799
3299.900000	19.029075
3300.700000	18.332232
3300.900000	18.632262
3302.900000	18.632262
3303.900000	18.525799
3305.900000	19.029075
3306.700000	18.332232
3306.900000	18.525799
3308.900000	18.128985
3309.900000	18.525799
3311.900000	17.925739
3312.700000	18.332232
3312.900000	18.632262
3314.900000	18.128985
3315.900000	18.632262
3317.900000	19.029075
3318.700000	18.332232
3318.900000	18.525799
3320.700000	18.825829
3320.900000	19.029075
3321.900000	18.525799
3323.900000	18.932292
3324.700000	18.332232
3324.900000	18.332232
3326.900000	18.032202
3327.900000	18.632262
3329.900000	18.932292
3330.700000	18.225769
3330.900000	18.429015
3332.900000	18.225769
3333.900000	18.525799
3335.900000	19.029075
3336.700000	18.332232
3336.900000	18.225769
3338.900000	18.225769
3339.900000	18.525799
3341.900000	19.029075
3342.700000	18.332232
3342.900000	18.332232
3344.700000	18.932292
3344.900000	19.029075
3345.900000	18.525799
3347.900000	19.029075
3348.700000	18.332232
3348.900000	18.332232
3350.900000	18.332232
3351.900000	18.525799
3353.900000	18.332232
3354.700000	18.332232
3354.900000	18.225769
3356.900000	18.225769
3357.900000	18.525799
3359.900000	18.225769
3360.700000	18.332232
3360.900000	18.032202
3362.900000	18.225769
3363.900000	18.225769
3365.900000	18.825829
3366.700000	18.332232
3366.900000	18.332232
3368.700000	18.825829
3368.900000	19.029075
3369.900000	18.525799
3371.900000	18.032202
3372.700000	18.332232
3372.900000	18.332232
3374.900000	18.225769
3375.900000	18.429015
3377.900000	18.032202
3378.700000	18.332232
3378.900000	18.525799
3380.900000	18.225769
3381.900000	18.429015
3383.900000	18.825829
3384.700000	18.332232
3384.900000	18.525799
3386.900000	18.525799
3387.900000	18.332232
3389.900000	19.029075
3390.700000	18.332232
3390.900000	18.332232
3392.700000	19.029075
3392.900000	19.029075
3393.900000	18.525799
3395.900000	19.029075
3396.700000	18.332232
3396.900000	18.525799
3398.900000	18.729045
3399.900000	18.032202
3401.900000	19.029075
3402.700000	18.332232
3402.900000	18.525799
3404.150000	17.925739
3405.183333	18.332232
3407.183333	18.632262
3408.183333	18.429015
3408.700000	18.429015
3410.183333	18.429015
3411.183333	18.429015
3413.183333	18.729045
3414.183333	18.525799
3414.700000	18.632262
3416.183333	18.632262
3416.700000	18.632262
3417.183333	18.632262
3419.183333	18.729045
3420.183333	18.632262
3420.700000	18.429015
3422.183333	18.632262
3423.183333	18.632262
3425.183333	18.525799
3426.183333	18.632262
3426.700000	18.632262
3428.183333	18.429015
3429.183333	18.729045
3431.183333	19.029075
3432.183333	18.729045
3432.700000	18.729045
3434.183333	19.029075
3435.183333	18.128985
3437.183333	18.932292
3438.183333	18.729045
3438.700000	18.729045
3440.183333	18.525799
3440.700000	18.032202
3441.183333	18.525799
3443.183333	18.825829
3444.183333	18.825829
3444.700000	18.825829
3446.183333	18.525799
3447.183333	18.632262
3449.183333	18.225769
3450.183333	18.225769
3450.700000	18.225769
3452.183333	18.932292
3453.183333	18.825829
3455.183333	18.825829
3456.183333	18.729045
3456.700000	18.729045
3458.183333	19.329105
3459.183333	18.225769
3461.183333	18.729045
3462.183333	18.729045
3462.700000	18.525799
3464.183333	18.729045
3464.700000	18.128985
3465.183333	18.729045
3467.183333	19.125859
3468.183333	18.932292
3468.700000	18.932292
3470.183333	18.729045
3471.183333	18.729045
3473.183333	18.225769
3474.183333	18.825829
3474.700000	18.729045
3476.183333	18.332232
3477.183333	18.525799
3479.183333	18.729045
3480.183333	18.932292
3480.700000	18.932292
3482.183333	18.225769
3483.183333	18.932292
3485.183333	19.232322
3486.183333	18.932292
3486.700000	18.932292
3488.183333	18.729045
3488.700000	18.429015
3489.183333	18.729045
3491.183333	18.825829
3492.183333	18.825829
3492.700000	18.932292
3494.183333	19.329105
3495.183333	19.029075
3497.183333	18.525799
3498.183333	18.729045
3498.700000	18.729045
3500.183333	19.425889
3501.183333	18.729045
3503.183333	18.525799
3504.700000	19.029075
3506.433333	33.227269
3510.700000	18.632262
3512.533333	19.532352
3512.700000	19.532352
3513.533333	18.932292
3515.533333	19.425889
3516.533333	18.932292
3516.700000	18.932292
3518.533333	19.532352
3519.533333	18.932292
3521.533333	18.825829
3522.533333	18.729045
3522.700000	18.729045
3524.533333	19.329105
3525.533333	18.825829
3527.533333	18.729045
3528.533333	18.932292
3528.700000	18.932292
3530.533333	18.632262
3531.533333	18.729045
3533.533333	19.532352
3534.533333	18.932292
3534.700000	18.932292
3536.533333	19.329105
3536.700000	19.329105
3537.533333	18.932292
3539.533333	18.729045
3540.533333	18.825829
3540.700000	18.825829
3542.533333	18.429015
3543.533333	18.825829
3545.533333	19.329105
3546.533333	18.932292
3546.700000	18.932292
3548.533333	18.825829
3549.533333	18.825829
3551.533333	19.232322
3552.533333	18.932292
3552.700000	18.932292
3554.533333	18.429015
3555.533333	18.932292
3557.533333	19.232322
3558.533333	18.825829
3558.700000	18.825829
3560.533333	19.232322
3560.700000	19.232322
3561.533333	19.232322
3563.533333	19.232322
3564.533333	18.825829
3564.700000	18.825829
3566.533333	19.232322
3567.533333	18.825829
3569.533333	19.232322
3570.533333	19.232322
3570.700000	19.232322
3572.533333	19.232322
3573.533333	18.825829
3575.533333	19.232322
3576.533333	18.932292
3576.700000	18.932292
3578.533333	18.525799
3579.533333	18.825829
3581.533333	19.125859
3582.533333	18.729045
3582.700000	18.729045
3584.533333	19.329105
3584.700000	19.329105
3585.533333	18.825829
3587.533333	19.232322
3588.533333	18.729045
3588.700000	18.729045
3590.533333	19.232322
3591.533333	18.825829
3593.533333	18.429015
3594.533333	18.729045
3594.700000	18.729045
3596.533333	18.332232
3597.533333	18.825829
3599.533333	19.232322
3600.533333	18.825829
3600.700000	18.825829
3602.533333	19.329105
3603.533333	18.825829
3605.533333	19.329105
3606.533333	18.825829
3606.700000	18.825829
3608.533333	19.232322
3608.700000	19.232322
3609.533333	18.825829
3611.533333	19.425889
3612.533333	18.825829
3612.700000	18.825829
3614.533333	19.232322
3615.533333	18.825829
3617.533333	18.332232
3618.533333	18.729045
3618.700000	18.729045
3620.533333	18.429015
3621.533333	18.825829
3623.533333	18.429015
3624.533333	18.932292
3624.700000	18.932292
3626.533333	18.429015
3627.533333	18.825829
3629.533333	19.329105
3630.533333	18.729045
3630.700000	18.729045
3632.533333	19.232322
3632.700000	19.232322
3633.533333	18.825829
3635.533333	19.329105
3636.533333	18.825829
3636.700000	18.825829
3638.533333	19.125859
3639.533333	18.932292
3641.533333	18.729045
3642.533333	18.729045
3642.700000	18.729045
3644.533333	19.232322
3645.533333	18.825829
3647.533333	18.332232
3648.533333	18.632262
3648.700000	18.632262
3650.533333	19.232322
3651.533333	18.825829
3653.533333	19.425889
3654.533333	18.825829
3654.700000	18.825829
3656.533333	19.232322
3656.700000	19.232322
3657.533333	18.825829
3659.533333	19.329105
3660.533333	18.825829
3660.700000	18.825829
3662.533333	19.329105
3663.533333	18.825829
3665.533333	18.429015
3666.533333	18.825829
3666.700000	18.825829
3668.533333	18.632262
3669.533333	18.632262
3671.533333	18.429015
3672.533333	18.825829
3672.700000	18.825829
3674.533333	18.525799
3675.533333	18.825829
3677.533333	19.329105
3678.533333	18.729045
3678.700000	18.729045
3680.533333	19.232322
3680.700000	19.232322
3681.533333	18.825829
3683.533333	19.425889
3684.533333	18.729045
3684.700000	18.729045
3686.533333	18.525799
3687.533333	18.825829
3689.533333	19.232322
3690.533333	18.825829
3690.700000	18.825829
3692.533333	18.729045
3693.533333	18.932292
3695.533333	19.329105
3696.533333	18.825829
3696.700000	18.825829
3698.533333	18.429015
3699.533333	18.825829
3701.533333	19.329105
3702.533333	18.729045
3702.700000	18.729045
3704.533333	19.232322
3704.700000	19.232322
3705.566667	18.825829
3707.566667	19.425889
3708.566667	18.729045
3708.700000	18.932292
3710.566667	18.525799
3711.566667	18.825829
3713.566667	18.825829
3714.566667	18.729045
3714.700000	18.729045
3716.566667	18.932292
3717.566667	18.729045
3719.566667	18.932292
3720.566667	18.729045
3720.700000	18.932292
3722.566667	18.429015
3723.566667	18.729045
3725.566667	18.932292
3726.566667	18.729045
3726.700000	18.729045
3728.566667	19.232322
3728.700000	19.232322
3729.566667	18.825829
3731.566667	19.425889
3732.566667	18.729045
3732.700000	18.932292
3734.566667	18.525799
3735.566667	18.729045
3737.566667	19.232322
3738.566667	18.729045
3738.700000	19.232322
3740.566667	19.232322
3741.566667	18.729045
3743.566667	19.232322
3744.566667	18.729045
3744.700000	19.232322
3746.566667	18.429015
3747.566667	18.729045
3749.566667	19.329105
3750.566667	18.729045
3750.700000	18.729045
3752.566667	19.232322
3752.700000	19.232322
3753.566667	18.825829
3755.566667	19.425889
3756.566667	18.729045
3756.700000	18.825829
3758.566667	19.329105
3759.566667	18.729045
3761.566667	19.232322
3762.566667	18.729045
3762.700000	19.232322
3764.566667	19.232322
3765.566667	18.729045
3767.566667	19.232322
3768.566667	18.729045
3768.700000	19.232322
3770.566667	18.429015
3771.566667	18.729045
3773.566667	19.329105
3774.566667	18.729045
3774.700000	18.729045
3776.566667	19.232322
3776.700000	19.232322
3777.566667	18.825829
3779.566667	19.425889
3780.566667	18.729045
3780.700000	18.825829
3782.566667	19.329105
3783.566667	18.825829
3785.566667	19.232322
3786.566667	18.729045
3786.700000	19.232322
3788.566667	19.232322
3789.566667	18.729045
3791.566667	19.232322
3792.566667	18.729045
3792.700000	19.232322
3794.566667	18.429015
3795.566667	18.729045
3797.566667	18.729045
3798.566667	18.932292
3798.700000	18.729045
3799.816667	18.225769
3800.700000	18.225769
3800.866667	18.729045
3802.866667	19.329105
3803.866667	19.329105
3804.700000	18.525799
3805.866667	19.029075
3806.866667	18.932292
3808.866667	18.729045
3809.866667	19.029075
3810.700000	18.429015
3811.866667	18.429015
3812.866667	19.029075
3814.866667	18.429015
3815.866667	19.029075
3816.700000	18.429015
3817.866667	18.429015
3818.866667	18.932292
3820.866667	19.425889
3821.866667	19.029075
3822.700000	18.429015
3823.866667	18.429015
3824.700000	18.825829
3824.866667	18.729045
3826.866667	19.329105
3827.866667	19.329105
3828.700000	18.632262
3829.866667	19.029075
3830.866667	18.932292
3832.866667	18.729045
3833.866667	19.029075
3834.700000	18.429015
3835.866667	18.429015
3836.866667	19.029075
3838.866667	18.429015
3839.866667	19.029075
3840.700000	18.429015
3841.033333	18.429015
3842.083333	18.932292
3842.233333	18.932292
3842.416667	18.932292
3842.700000	18.525799
3844.416667	18.525799
3845.416667	19.329105
3846.700000	19.532352
3847.416667	19.532352
3848.416667	19.329105
3848.700000	18.632262
3850.416667	19.029075
3851.416667	19.329105
3852.700000	18.525799
3853.416667	19.029075
3854.416667	19.329105
3856.416667	18.525799
3857.416667	19.329105
3858.700000	18.525799
3859.416667	18.525799
3860.416667	19.329105
3862.416667	18.525799
3863.416667	19.329105
3864.700000	18.825829
3865.416667	18.525799
3866.416667	19.232322
3868.416667	18.525799
3869.416667	19.329105
3870.700000	19.532352
3871.416667	19.532352
3872.416667	18.932292
3872.700000	18.632262
3874.416667	19.329105
3875.416667	18.825829
3876.700000	18.332232
3877.416667	19.532352
3878.416667	18.932292
3880.416667	18.525799
3881.416667	19.329105
3882.700000	18.525799
3883.416667	18.525799
3884.416667	19.329105
3886.416667	18.525799
3887.416667	19.329105
3888.700000	18.825829
3889.416667	18.525799
3890.416667	19.232322
3892.416667	19.125859
3893.416667	19.329105
3894.700000	19.425889
3895.416667	19.425889
3896.416667	18.932292
3896.700000	18.932292
3898.416667	19.329105
3899.416667	18.825829
3900.700000	18.332232
3901.233333	18.225769
3902.283333	18.825829
3904.283333	19.329105
3905.283333	18.825829
3906.700000	19.425889
3907.283333	19.425889
3908.283333	18.825829
3910.283333	19.329105
3911.283333	18.825829
3912.700000	19.425889
3913.283333	19.425889
3914.283333	18.825829
3916.283333	18.932292
3917.283333	18.825829
3918.700000	19.425889
3919.283333	19.425889
3920.283333	18.825829
3920.700000	18.825829
3922.283333	18.332232
3923.283333	18.825829
3924.700000	19.329105
3925.283333	19.232322
3926.283333	18.825829
3928.283333	19.329105
3929.283333	18.825829
3930.700000	19.425889
3931.283333	19.425889
3932.283333	18.825829
3934.283333	19.329105
3935.283333	18.825829
3936.700000	19.425889
3937.283333	19.425889
3938.300000	18.825829
3940.300000	18.932292
3941.300000	18.825829
3942.700000	19.232322
3943.300000	19.425889
3944.300000	18.729045
3944.700000	18.825829
3946.300000	19.329105
3947.300000	18.825829
3948.700000	18.332232
3949.300000	19.329105
3950.300000	18.729045
3952.283333	19.329105
3953.283333	18.825829
3954.700000	19.425889
3955.283333	19.425889
3956.283333	18.825829
3958.283333	19.329105
3959.283333	18.825829
3960.700000	18.128985
3961.283333	19.425889
3962.300000	18.825829
3964.333333	18.825829
3965.333333	18.825829
3966.700000	19.329105
3967.333333	19.232322
3968.333333	18.729045
3968.700000	18.332232
3970.333333	18.729045
3971.333333	18.632262
3972.700000	19.329105
3973.333333	19.329105
3974.333333	18.632262
3976.333333	19.329105
3976.700000	18.632262
3978.116667	19.532352
3978.700000	18.332232
3984.700000	19.725919
3990.166667	18.332232
3990.700000	18.525799
3991.166667	18.729045
3992.700000	19.232322
3993.166667	18.525799
3994.166667	18.632262
3996.166667	19.425889
3996.700000	18.429015
3997.166667	18.729045
3999.166667	19.425889
4000.166667	18.632262
4002.166667	19.425889
4002.700000	18.525799
4003.166667	18.632262
4005.166667	19.425889
4006.166667	18.632262
4008.166667	19.425889
4008.700000	19.425889
4009.166667	18.632262
4011.166667	19.425889
4012.166667	18.632262
4014.166667	18.429015
4014.700000	18.429015
4015.166667	18.632262
4016.700000	19.425889
4017.166667	19.329105
4018.166667	18.632262
4020.166667	19.232322
4020.700000	18.332232
4021.166667	18.729045
4023.166667	19.232322
4024.166667	18.632262
4026.166667	19.425889
4026.700000	18.525799
4027.166667	18.632262
4029.166667	19.425889
4030.166667	18.632262
4032.166667	19.425889
4032.700000	19.425889
4033.166667	18.632262
4035.166667	19.425889
4036.166667	18.632262
4038.166667	19.029075
4038.700000	18.429015
4039.166667	18.525799
4040.700000	19.232322
4041.166667	19.232322
4042.166667	18.632262
4044.166667	19.029075
4044.700000	18.332232
4045.166667	18.632262
4047.166667	19.029075
4048.166667	18.632262
4050.166667	19.425889
4050.700000	18.525799
4051.166667	18.632262
4053.166667	19.425889
4054.166667	18.632262
4056.116667	19.425889
4056.700000	19.425889
4057.166667	18.632262
4059.133333	19.425889
4060.133333	18.632262
4062.133333	18.525799
4062.700000	18.225769
4063.133333	18.525799
4064.700000	19.029075
4065.133333	18.932292
4066.133333	18.632262
4067.833333	18.825829
4068.700000	19.532352
4068.900000	18.332232
4070.900000	19.029075
4071.900000	18.332232
4073.783333	19.029075
4074.700000	19.029075
4075.866667	18.525799
4077.866667	18.932292
4078.866667	18.632262
4080.866667	18.932292
4081.866667	18.525799
4083.883333	18.932292
4084.883333	18.332232
4086.700000	18.932292
4086.883333	18.332232
4087.883333	18.225769
4088.700000	18.729045
4089.883333	18.932292
4090.883333	18.525799
4092.700000	18.932292
4092.883333	18.932292
4093.883333	18.225769
4095.616667	18.932292
4096.750000	18.632262
4098.750000	18.932292
4099.750000	18.525799
4101.416667	18.932292
4102.466667	18.525799
4104.250000	18.932292
4104.700000	18.525799
4105.300000	18.332232
4107.333333	18.332232
4108.333333	18.225769
4110.333333	18.032202
4110.700000	18.525799
4111.333333	18.225769
4112.700000	18.632262
4113.333333	18.825829
4114.333333	18.225769
4116.333333	18.932292
4116.700000	17.925739
4117.333333	18.225769
4119.333333	18.825829
4119.700000	18.225769
4120.333333	18.225769
4121.833333	18.932292
4123.333333	18.225769
4124.833333	18.932292
4126.333333	18.225769
4127.833333	18.932292
4129.333333	18.225769
4130.833333	18.932292
4132.333333	18.332232
4133.833333	18.932292
4134.700000	18.128985
4135.333333	18.225769
4136.700000	18.825829
4136.833333	18.729045
4138.333333	18.332232
4139.833333	18.932292
4140.700000	18.225769
4141.333333	18.429015
4142.833333	18.825829
4144.333333	18.225769
4145.833333	18.932292
4147.333333	18.225769
4148.833333	18.932292
4150.333333	18.332232
4151.833333	18.932292
4153.333333	18.332232
4154.833333	18.932292
4156.333333	18.525799
4157.833333	18.729045
4158.700000	18.128985
4159.333333	18.429015
4160.700000	19.125859
4160.833333	18.932292
4162.333333	18.332232
4163.833333	18.225769
4164.700000	18.429015
4165.333333	18.429015
4166.833333	19.029075
4168.333333	18.225769
4169.833333	18.932292
4171.333333	18.225769
4172.833333	18.932292
4174.333333	18.332232
4175.833333	18.932292
4177.333333	18.332232
4178.833333	18.932292
4180.333333	18.525799
4181.833333	18.729045
4182.700000	18.128985
4183.333333	18.429015
4184.700000	19.232322
4184.833333	18.225769
4186.333333	18.729045
4187.833333	18.932292
4188.700000	18.429015
4189.333333	18.429015
4190.833333	19.232322
4192.333333	18.225769
4193.833333	18.932292
4195.333333	18.225769
4196.833333	18.932292
4198.333333	18.332232
4199.833333	18.932292
4201.333333	18.332232
4202.833333	18.932292
4204.333333	18.525799
4205.833333	19.125859
4206.700000	18.128985
4207.333333	18.429015
4208.700000	19.232322
4208.833333	18.525799
4210.333333	18.729045
4211.833333	19.125859
4212.700000	18.525799
4213.333333	18.429015
4214.833333	18.525799
4216.333333	18.225769
4217.833333	18.932292
4218.750000	23.626309
4220.700000	18.332232
4224.700000	19.725919
4224.766667	19.725919
4226.266667	19.725919
4227.766667	18.429015
4229.266667	18.429015
4230.700000	18.729045
4230.766667	19.425889
4232.266667	18.429015
4232.700000	18.429015
4233.766667	19.329105
4235.266667	18.825829
4236.700000	18.225769
4236.766667	18.932292
4238.266667	19.329105
4239.766667	18.429015
4241.266667	19.425889
4242.766667	18.525799
4244.266667	19.425889
4245.766667	18.525799
4247.266667	19.425889
4248.766667	18.525799
4250.266667	19.425889
4251.766667	18.429015
4253.266667	18.429015
4254.700000	18.632262
4254.766667	19.329105
4256.266667	18.525799
4256.700000	18.225769
4257.766667	19.329105
4259.266667	18.932292
4260.700000	19.425889
4260.766667	19.425889
4262.266667	19.329105
4263.766667	18.429015
4265.266667	19.425889
4266.766667	18.525799
4268.266667	19.425889
4269.766667	18.525799
4271.266667	19.425889
4272.766667	18.525799
4274.266667	19.425889
4275.766667	18.729045
4277.266667	19.029075
4278.700000	19.532352
4278.766667	19.532352
4280.266667	18.932292
4280.700000	18.225769
4281.766667	19.425889
4283.266667	19.029075
4284.700000	19.532352
4284.766667	19.425889
4286.266667	19.029075
4287.766667	18.429015
4289.266667	19.425889
4290.766667	18.525799
4292.266667	19.425889
4293.766667	18.525799
4295.266667	19.425889
4296.766667	18.525799
4298.266667	19.425889
4299.766667	19.532352
4301.266667	19.029075
4302.700000	19.532352
4302.766667	19.532352
4304.266667	19.125859
4304.700000	18.525799
4305.766667	19.532352
4307.266667	19.125859
4308.700000	19.725919
4308.766667	19.425889
4310.266667	19.029075
4311.766667	19.629135
4313.266667	19.425889
4314.766667	18.525799
4316.266667	19.425889
4317.766667	18.525799
4319.266667	19.425889
4320.766667	18.525799
4322.266667	19.425889
4323.766667	19.532352
4325.266667	19.029075
4326.700000	19.532352
4326.766667	19.232322
4328.266667	19.125859
4328.700000	18.729045
4329.766667	19.629135
4331.266667	19.125859
4332.700000	19.832382
4332.766667	19.425889
4334.266667	19.029075
4335.766667	19.629135
4337.266667	19.425889
4338.766667	18.525799
4340.266667	19.425889
4341.766667	18.525799
4343.266667	19.425889
4344.766667	18.525799
4346.266667	19.425889
4347.766667	19.532352
4349.266667	19.029075
4350.700000	19.725919
4350.766667	19.832382
4352.266667	19.125859
4352.700000	18.729045
4353.766667	19.725919
4355.266667	19.329105
4356.700000	19.425889
4356.766667	19.425889
4358.266667	19.232322
4359.766667	19.629135
4361.266667	19.425889
4362.766667	18.525799
4364.266667	19.425889
4365.766667	18.525799
4367.266667	19.425889
4368.766667	18.525799
4370.266667	19.425889
4371.766667	19.532352
4373.266667	19.029075
4374.700000	19.725919
4374.766667	19.832382
4376.266667	19.125859
4376.700000	18.825829
4377.766667	19.929165
4379.266667	19.329105
4380.700000	19.832382
4380.766667	19.929165
4382.266667	19.232322
4383.766667	19.629135
4385.266667	19.425889
4386.766667	18.525799
4388.266667	19.425889
4389.766667	18.525799
4391.266667	19.425889
4392.766667	18.525799
4394.266667	19.425889
4395.766667	19.532352
4397.266667	19.029075
4398.700000	19.725919
4398.766667	19.832382
4400.266667	19.125859
4400.700000	18.825829
4401.766667	19.629135
4403.266667	19.425889
4404.700000	19.929165
4404.766667	19.929165
4406.266667	19.425889
4407.766667	19.629135
4409.266667	19.425889
4410.766667	18.525799
4412.266667	19.425889
4413.766667	18.525799
4415.266667	19.425889
4416.700000	20.025949
4416.766667	19.725919
4418.266667	19.425889
4419.766667	19.329105
4421.266667	19.029075
4422.700000	20.025949
4422.766667	20.025949
4424.266667	19.125859
4424.700000	19.125859
4425.766667	20.132412
4427.266667	19.532352
4428.700000	19.329105
4428.766667	20.025949
4430.266667	19.532352
4431.766667	19.532352
4433.266667	19.532352
4434.700000	19.929165
4434.783333	20.025949
4436.283333	19.532352
4437.783333	19.929165
4439.283333	19.532352
4440.700000	20.132412
4440.783333	20.132412
4442.283333	19.532352
4443.783333	20.132412
4445.283333	19.532352
4446.700000	20.025949
4446.783333	20.132412
4448.283333	19.532352
4448.700000	19.532352
4449.783333	20.229195
4451.283333	19.532352
4452.700000	19.832382
4452.783333	20.132412
4454.283333	19.532352
4455.783333	19.532352
4457.216667	19.629135
4457.883333	19.029075
4458.700000	18.932292
4458.716667	19.232322
4464.700000	20.432442
4464.716667	20.432442
4466.283333	19.532352
4467.783333	18.729045
4469.283333	19.029075
4470.700000	20.132412
4470.783333	19.329105
4472.283333	19.532352
4472.700000	19.532352
4473.783333	19.929165
4475.283333	19.425889
4476.700000	20.229195
4476.783333	19.425889
4478.283333	19.629135
4479.783333	20.025949
4481.283333	19.629135
4482.700000	19.725919
4482.783333	20.229195
4484.283333	19.629135
4485.783333	20.229195
4487.283333	19.629135
4488.700000	19.832382
4488.783333	20.132412
4490.283333	19.725919
4491.783333	20.132412
4493.283333	19.629135
4494.700000	19.125859
4494.783333	20.132412
4496.283333	19.425889
4496.700000	19.425889
4497.783333	19.425889
4499.283333	19.425889
4500.700000	19.125859
4500.783333	19.425889
4502.283333	19.725919
4503.783333	20.025949
4505.283333	19.725919
4506.700000	20.229195
4506.783333	20.325979
4508.283333	19.725919
4509.783333	19.725919
4511.283333	19.725919
4512.700000	19.832382
4512.783333	20.132412
4514.283333	19.725919
4515.783333	20.229195
4517.283333	19.425889
4518.700000	20.325979
4518.783333	20.132412
4520.283333	19.725919
4520.700000	19.725919
4521.783333	19.725919
4523.283333	19.232322
4524.700000	19.232322
4524.783333	20.229195
4526.283333	20.229195
4527.783333	20.132412
4529.283333	19.832382
4530.700000	19.832382
4530.783333	20.229195
4532.283333	19.832382
4533.783333	20.229195
4535.283333	19.832382
4536.700000	20.432442
4536.783333	19.629135
4538.283333	19.832382
4539.783333	19.532352
4541.283333	19.832382
4542.700000	19.832382
4542.783333	20.229195
4544.283333	19.425889
4544.700000	19.425889
4545.783333	19.532352
4547.283333	19.832382
4548.700000	19.329105
4548.783333	20.325979
4550.283333	19.832382
4551.783333	20.432442
4553.283333	19.832382
4554.700000	19.532352
4554.783333	20.325979
4556.283333	19.929165
4557.783333	19.929165
4559.283333	19.929165
4560.700000	19.629135
4560.783333	20.432442
4562.283333	19.929165
4563.783333	20.325979
4565.283333	19.929165
4566.700000	19.425889
4566.783333	19.629135
4568.283333	19.929165
4568.700000	19.929165
4569.783333	20.325979
4571.283333	19.929165
4572.700000	19.425889
4572.783333	20.432442
4574.283333	19.832382
4575.783333	20.432442
4577.283333	19.629135
4578.700000	20.132412
4578.783333	20.325979
4580.283333	19.929165
4581.783333	20.432442
4583.283333	19.929165
4584.700000	19.832382
4584.783333	20.529225
4586.283333	19.929165
4587.783333	19.725919
4589.283333	19.929165
4590.700000	19.629135
4590.783333	19.725919
4592.283333	19.629135
4592.700000	19.629135
4593.783333	20.432442
4595.283333	19.832382
4596.700000	19.832382
4596.783333	20.432442
4598.283333	19.929165
4599.783333	20.529225
4601.283333	20.025949
4602.700000	20.132412
4602.783333	20.432442
4604.283333	20.025949
4605.783333	20.432442
4607.283333	20.025949
4608.700000	19.929165
4608.783333	20.529225
4610.283333	20.132412
4611.783333	20.626009
4613.283333	20.025949
4614.700000	19.532352
4614.783333	20.432442
4616.283333	20.025949
4616.700000	20.025949
4617.783333	19.929165
4619.283333	20.132412
4620.700000	19.532352
4620.783333	20.626009
4622.283333	20.132412
4623.783333	20.732472
4625.283333	20.132412
4626.700000	19.532352
4626.783333	20.432442
4628.283333	20.132412
4629.783333	20.132412
4631.283333	20.132412
4632.700000	19.929165
4632.783333	20.732472
4634.283333	20.132412
4635.783333	20.626009
4637.283333	20.132412
4638.700000	19.629135
4638.783333	20.732472
4640.283333	20.132412
4640.700000	20.132412
4641.783333	19.929165
4643.283333	20.229195
4644.700000	19.629135
4644.783333	20.732472
4646.283333	20.229195
4647.783333	20.829255
4649.283333	20.229195
4650.700000	19.629135
4650.783333	20.732472
4652.283333	20.229195
4653.783333	20.432442
4655.950000	19.832382
4656.700000	19.725919
4661.700000	21.032502
4662.700000	20.025949
4663.200000	20.132412
4664.700000	19.629135
4666.200000	19.832382
4667.700000	20.732472
4668.700000	20.132412
4669.200000	20.229195
4670.700000	20.732472
4672.200000	20.132412
4673.700000	20.732472
4674.700000	20.025949
4675.200000	20.229195
4676.700000	20.229195
4678.200000	20.229195
4679.700000	20.626009
4680.700000	20.025949
4681.200000	20.229195
4682.700000	20.926039
4684.200000	20.229195
4685.700000	20.529225
4686.700000	20.132412
4687.200000	20.229195
4688.700000	20.926039
4690.200000	20.229195
4691.700000	20.926039
4692.700000	20.132412
4693.200000	20.229195
4694.700000	20.829255
4696.200000	20.229195
4697.700000	20.926039
4698.700000	20.132412
4699.200000	20.325979
4700.700000	20.926039
4702.200000	20.325979
4703.700000	20.926039
4704.700000	20.132412
4705.200000	20.132412
4706.700000	20.132412
4708.200000	20.229195
4709.700000	20.229195
4710.700000	20.132412
4711.200000	20.325979
4712.700000	21.032502
4714.200000	20.325979
4715.700000	20.732472
4716.700000	20.132412
4717.200000	20.325979
4718.700000	20.926039
4720.200000	20.325979
4721.700000	20.926039
4722.700000	20.132412
4723.200000	20.325979
4724.700000	20.926039
4726.200000	20.325979
4727.700000	20.732472
4728.700000	20.132412
4729.200000	20.325979
4730.700000	20.926039
4732.200000	20.325979
4733.700000	20.626009
4734.700000	20.132412
4735.200000	20.229195
4736.700000	20.926039
4738.200000	20.325979
4739.700000	20.732472
4740.700000	20.132412
4741.200000	20.325979
4742.700000	20.926039
4744.200000	20.325979
4745.700000	20.926039
4746.700000	20.229195
4747.200000	20.432442
4748.700000	20.926039
4750.200000	20.432442
4751.700000	20.926039
4752.700000	20.132412
4753.200000	20.432442
4754.700000	20.926039
4756.200000	20.432442
4757.700000	20.325979
4758.700000	20.229195
4759.200000	20.325979
4760.700000	20.829255
4762.200000	20.432442
4763.700000	20.926039
4764.700000	20.229195
4765.200000	20.432442
4766.700000	20.829255
4768.200000	20.432442
4769.700000	20.132412
4770.700000	20.325979
4771.200000	20.432442
4772.700000	20.829255
4774.200000	20.432442
4775.700000	20.529225
4776.700000	20.325979
4777.200000	20.432442
4778.700000	20.926039
4780.200000	20.432442
4781.700000	20.829255
4782.700000	20.229195
4783.200000	20.325979
4784.700000	21.032502
4786.200000	20.432442
4787.700000	20.132412
4788.700000	20.229195
4789.200000	20.432442
4790.700000	20.926039
4792.200000	20.432442
4793.700000	20.432442
4794.700000	20.325979
4795.200000	20.529225
4796.700000	20.926039
4798.200000	20.529225
4799.700000	21.032502
4800.700000	20.325979
4801.200000	20.229195
4802.700000	20.229195
4804.200000	20.432442
4805.700000	21.032502
4806.700000	21.032502
4807.200000	20.529225
4808.700000	20.926039
4810.200000	20.432442
4811.700000	21.032502
4812.700000	21.032502
4813.200000	20.432442
4814.700000	21.032502
4816.200000	20.325979
4817.700000	21.032502
4818.700000	21.032502
4819.200000	20.432442
4820.700000	21.032502
4822.200000	20.529225
4823.700000	21.032502
4824.700000	20.432442
4825.200000	20.529225
4826.700000	21.129285
4828.200000	20.432442
4829.700000	21.129285
4830.700000	20.432442
4831.200000	20.325979
4832.700000	20.926039
4834.200000	20.626009
4835.700000	21.129285
4836.700000	20.432442
4837.200000	20.529225
4838.700000	21.032502
4840.200000	20.626009
4841.700000	20.626009
4842.700000	20.529225
4843.200000	20.626009
4844.700000	21.032502
4846.200000	20.626009
4847.700000	21.129285
4848.700000	20.432442
4849.200000	20.529225
4850.700000	21.129285
4852.200000	20.626009
4853.700000	21.226069
4854.700000	20.529225
4855.200000	20.626009
4856.700000	21.032502
4858.200000	20.626009
4859.700000	21.226069
4860.700000	20.529225
4861.200000	20.626009
4862.700000	21.226069
4864.200000	20.732472
4865.700000	20.829255
4866.700000	20.529225
4867.200000	20.626009
4868.700000	21.226069
4870.200000	20.626009
4871.700000	21.226069
4872.700000	20.529225
4873.200000	20.626009
4874.700000	21.332532
4876.200000	20.626009
4877.700000	21.226069
4878.700000	20.432442
4879.200000	20.626009
4880.700000	21.226069
4882.200000	20.626009
4883.700000	21.032502
4884.700000	20.432442
4885.200000	20.626009
4886.700000	21.226069
4888.200000	20.626009
4889.700000	20.325979
4890.700000	20.529225
4891.200000	20.732472
4892.700000	21.226069
4894.200000	20.732472
4895.700000	21.226069
4896.700000	20.529225
4897.200000	20.732472
4898.700000	21.332532
4900.200000	20.732472
4901.700000	21.226069
4902.700000	20.529225
4903.200000	20.732472
4904.700000	21.226069
4906.200000	20.626009
4907.700000	21.226069
4908.700000	20.529225
4909.200000	20.732472
4910.700000	21.332532
4912.200000	20.732472
4913.700000	21.332532
4914.700000	20.529225
4915.200000	20.732472
4916.700000	21.226069
4918.200000	20.732472
4919.700000	20.829255
4920.700000	20.529225
4921.200000	20.529225
4922.700000	21.332532
4924.200000	20.626009
4925.700000	21.332532
4926.700000	20.529225
4927.200000	20.432442
4928.700000	21.332532
4930.200000	20.732472
4931.700000	21.429315
4932.700000	20.529225
4933.200000	20.732472
4934.700000	20.529225
4936.200000	20.732472
4937.700000	21.332532
4938.700000	20.626009
4939.200000	20.732472
4940.700000	21.332532
4942.200000	20.732472
4943.700000	21.332532
4944.700000	20.626009
4945.200000	20.732472
4946.700000	21.332532
4948.200000	20.732472
4949.700000	20.529225
4950.700000	20.626009
4951.200000	20.732472
4952.700000	21.332532
4954.200000	20.732472
4955.700000	21.332532
4956.700000	20.626009
4957.200000	20.732472
4958.700000	21.429315
4960.200000	20.732472
4961.700000	21.332532
4962.700000	20.626009
4963.200000	20.829255
4964.700000	21.429315
4967.950000	20.529225
4968.700000	20.432442
4973.700000	21.429315
4974.700000	20.732472
4975.200000	20.732472
4976.700000	21.332532
4978.200000	20.732472
4979.700000	21.526099
4980.700000	20.732472
4981.200000	20.829255
4982.700000	21.032502
4984.200000	20.732472
4985.700000	21.129285
4986.700000	20.626009
4987.200000	20.732472
4988.700000	21.332532
4990.200000	20.626009
4991.700000	21.332532
4992.700000	20.626009
4993.200000	20.732472
4994.700000	21.429315
4996.200000	20.732472
4997.700000	21.332532
4998.700000	20.732472
4999.200000	20.732472
5000.700000	21.332532
5002.200000	20.732472
5003.700000	21.429315
5004.700000	20.626009
5005.200000	20.829255
5006.700000	21.332532
5008.200000	20.732472
5009.700000	21.226069
5010.700000	20.626009
5011.200000	20.829255
5012.700000	21.332532
5014.200000	20.732472
5015.700000	21.332532
5016.700000	20.626009
5017.200000	20.732472
5018.700000	21.332532
5020.200000	20.732472
5021.700000	21.332532
5022.700000	20.626009
5023.200000	20.829255
5024.700000	21.332532
5026.200000	20.732472
5027.700000	21.429315
5028.700000	20.626009
5029.200000	20.732472
5030.700000	20.529225
5032.200000	20.732472
5033.700000	21.332532
5034.700000	20.626009
5035.200000	20.732472
5036.700000	21.429315
5038.200000	20.732472
5039.700000	21.429315
5040.700000	20.626009
5041.200000	20.732472
5042.700000	21.429315
5044.200000	20.732472
5045.700000	21.526099
5046.700000	20.626009
5047.200000	21.429315
5048.700000	21.429315
5050.200000	20.732472
5051.700000	20.926039
5052.700000	20.626009
5053.200000	20.732472
5054.700000	21.429315
5056.200000	20.732472
5057.700000	21.526099
5058.700000	20.626009
5059.200000	20.732472
5060.700000	21.526099
5062.200000	20.829255
5063.700000	21.526099
5064.700000	20.626009
5065.200000	20.626009
5066.700000	21.429315
5068.200000	20.732472
5069.700000	21.332532
5070.700000	20.626009
5071.200000	20.732472
5072.700000	21.429315
5074.200000	20.626009
5075.700000	21.032502
5076.700000	20.626009
5077.200000	20.732472
5078.700000	20.732472
5080.200000	20.829255
5081.700000	21.332532
5082.700000	20.732472
5083.200000	20.829255
5084.700000	21.332532
5086.200000	20.829255
5087.700000	21.032502
5088.700000	20.732472
5089.200000	20.732472
5090.700000	21.429315
5092.200000	20.829255
5093.700000	21.429315
5094.700000	20.732472
5095.200000	20.626009
5096.700000	21.429315
5098.200000	20.829255
5099.700000	21.429315
5100.700000	20.732472
5101.200000	20.829255
5102.700000	21.429315
5104.200000	20.926039
5105.700000	21.526099
5106.700000	20.732472
5107.200000	20.926039
5108.700000	21.429315
5110.200000	20.926039
5111.700000	21.429315
5112.700000	20.732472
5113.200000	20.926039
5114.700000	21.429315
5116.200000	20.926039
5117.700000	21.032502
5118.700000	20.732472
5119.200000	20.829255
5120.700000	21.526099
5122.200000	20.926039
5123.700000	21.429315
5124.700000	20.732472
5125.200000	20.926039
5126.700000	21.526099
5128.200000	20.926039
5129.700000	21.526099
5130.700000	20.829255
5131.200000	20.926039
5132.700000	21.526099
5134.200000	20.926039
5135.700000	21.632562
5136.700000	20.829255
5137.200000	20.829255
5138.700000	21.526099
5140.200000	20.829255
5141.700000	21.226069
5142.700000	20.829255
5143.200000	20.926039
5144.700000	21.526099
5146.200000	20.926039
5147.700000	20.926039
5148.700000	20.829255
5149.200000	20.926039
5150.700000	21.526099
5152.200000	21.032502
5153.700000	21.632562
5154.700000	20.829255
5155.200000	20.829255
5156.700000	20.732472
5158.200000	21.032502
5159.700000	21.526099
5160.700000	20.829255
5161.200000	21.032502
5162.700000	21.226069
5164.200000	20.926039
5165.700000	21.632562
5166.700000	20.829255
5167.200000	20.926039
5168.700000	21.526099
5170.200000	20.926039
5171.700000	21.632562
5172.700000	20.829255
5173.200000	20.829255
5174.700000	21.526099
5176.200000	20.926039
5177.700000	21.332532
5178.700000	20.829255
5179.200000	20.829255
5180.700000	20.732472
5182.200000	21.032502
5183.700000	21.526099
5184.700000	20.829255
5185.200000	21.032502
5186.700000	21.226069
5188.283333	20.926039
5189.783333	21.632562
5190.700000	20.829255
5191.283333	20.926039
5192.700000	21.526099
5192.783333	20.926039
5194.283333	21.632562
5195.783333	20.829255
5196.700000	20.926039
5197.283333	21.526099
5198.783333	20.829255
5200.283333	21.526099
5201.783333	20.732472
5202.200000	25.426489
5202.433333	23.829555
5206.700000	21.826129
5208.333333	20.829255
5209.833333	21.526099
5211.333333	20.732472
5212.833333	21.632562
5214.333333	21.429315
5214.700000	20.626009
5215.833333	20.926039
5216.700000	21.129285
5217.333333	21.332532
5218.833333	21.632562
5220.333333	20.626009
5220.700000	20.829255
5221.833333	21.032502
5223.333333	20.829255
5224.833333	20.829255
5226.333333	21.032502
5226.700000	21.032502
5227.833333	20.829255
5229.333333	21.032502
5230.833333	20.829255
5232.333333	20.829255
5233.833333	21.526099
5235.333333	20.732472
5236.833333	21.632562
5238.333333	21.729345
5238.700000	20.626009
5239.833333	21.032502
5240.700000	20.529225
5241.333333	21.332532
5242.833333	21.632562
5244.333333	20.626009
5244.700000	20.829255
5245.833333	21.032502
5247.333333	21.632562
5248.833333	20.829255
5250.333333	21.032502
5250.700000	21.032502
5251.833333	20.829255
5253.333333	21.032502
5254.833333	20.829255
5256.333333	20.829255
5257.833333	21.526099
5259.333333	20.732472
5260.833333	21.632562
5262.333333	21.729345
5262.700000	20.829255
5263.833333	21.032502
5264.700000	20.432442
5265.333333	21.526099
5266.833333	21.632562
5268.333333	20.626009
5268.700000	20.829255
5269.833333	21.032502
5271.333333	21.632562
5272.833333	20.829255
5274.333333	21.032502
5274.700000	21.032502
5275.833333	20.829255
5277.333333	21.032502
5278.833333	20.829255
5280.333333	20.829255
5281.833333	21.526099
5283.333333	20.732472
5284.833333	21.632562
5286.333333	21.729345
5286.700000	20.829255
5287.833333	21.032502
5288.700000	20.432442
5289.333333	21.526099
5290.833333	21.632562
5292.333333	20.829255
5292.700000	20.829255
5293.833333	21.032502
5295.333333	21.632562
5296.833333	20.829255
5298.333333	21.032502
5298.700000	21.032502
5299.833333	20.829255
5301.333333	21.032502
5302.833333	20.829255
5304.333333	20.829255
5305.833333	21.526099
5307.333333	20.732472
5308.833333	21.632562
5310.333333	21.729345
5310.700000	20.829255
5311.833333	21.032502
5312.700000	20.626009
5313.333333	21.526099
5314.833333	21.632562
5316.333333	20.829255
5316.700000	21.032502
5317.833333	21.129285
5319.333333	21.632562
5320.833333	20.829255
5322.333333	21.032502
5322.700000	21.032502
5323.833333	20.829255
5325.333333	21.032502
5326.833333	20.829255
5328.333333	20.829255
5329.833333	21.526099
5331.333333	20.732472
5332.833333	21.632562
5334.700000	21.129285
5335.833333	21.032502
5336.700000	20.626009
5337.333333	21.526099
5338.833333	21.632562
5340.333333	20.829255
5340.700000	21.032502
5341.833333	20.829255
5343.333333	21.032502
5344.833333	20.829255
5346.333333	21.032502
5346.700000	21.032502
5347.833333	20.829255
5349.333333	21.032502
5352.866667	20.829255
5354.366667	21.032502
5355.883333	20.829255
5357.383333	21.932592
5358.700000	21.226069
5358.883333	21.226069
5360.383333	21.932592
5360.700000	21.129285
5361.883333	21.429315
5363.383333	21.032502
5364.700000	21.226069
5364.883333	20.829255
5366.383333	21.032502
5367.900000	20.829255
5369.383333	21.032502
5370.700000	21.032502
5370.900000	20.829255
5372.383333	21.032502
5373.900000	20.829255
5375.383333	21.032502
5376.700000	21.032502
5376.900000	20.829255
5378.383333	21.032502
5379.900000	20.829255
5381.400000	21.932592
5382.700000	21.226069
5382.900000	20.926039
5384.400000	21.032502
5384.700000	21.129285
5385.900000	21.429315
5387.400000	21.129285
5388.700000	21.226069
5388.900000	20.829255
5390.400000	21.729345
5391.900000	20.829255
5393.383333	21.032502
5394.700000	21.032502
5394.900000	20.829255
5396.383333	21.032502
5397.900000	20.829255
5399.383333	21.032502
5400.700000	21.032502
5400.900000	20.829255
5402.383333	21.032502
5403.900000	21.332532
5405.400000	21.932592
5406.700000	21.429315
5406.900000	21.429315
5408.400000	21.032502
5408.700000	21.129285
5409.900000	21.429315
5411.400000	21.826129
5412.700000	21.332532
5412.900000	20.829255
5414.400000	21.729345
5415.900000	20.829255
5417.383333	21.032502
5418.700000	21.032502
5418.900000	20.829255
5420.383333	21.032502
5421.900000	20.829255
5423.383333	21.032502
5424.700000	21.032502
5424.900000	20.829255
5426.383333	21.032502
5427.883333	21.332532
5429.383333	21.932592
5430.700000	21.332532
5430.883333	21.429315
5432.383333	21.526099
5432.700000	21.226069
5433.883333	21.429315
5435.383333	21.826129
5436.700000	21.332532
5436.883333	21.429315
5438.383333	21.129285
5439.900000	20.829255
5441.383333	21.032502
5442.700000	25.426489
5443.100000	25.426489
5444.700000	22.426189
5448.716667	21.632562
5450.200000	21.429315
5451.716667	21.129285
5453.216667	21.332532
5454.700000	22.329405
5454.716667	21.729345
5456.216667	21.332532
5456.700000	21.332532
5457.716667	22.329405
5459.216667	21.429315
5460.700000	22.232622
5460.716667	21.129285
5462.216667	21.429315
5463.716667	22.232622
5465.216667	21.429315
5466.716667	22.232622
5468.216667	21.429315
5469.716667	22.232622
5471.216667	21.429315
5472.716667	22.232622
5474.200000	21.429315
5475.716667	21.129285
5477.216667	21.332532
5478.700000	22.029375
5478.716667	22.029375
5480.216667	21.226069
5480.700000	20.732472
5481.716667	22.126159
5483.216667	21.429315
5484.700000	22.029375
5484.716667	22.126159
5486.216667	21.226069
5487.716667	22.029375
5489.216667	21.429315
5490.716667	22.232622
5492.216667	21.429315
5493.716667	22.232622
5495.216667	21.429315
5496.633333	22.232622
5498.133333	21.429315
5499.650000	21.129285
5501.150000	21.332532
5502.650000	21.332532
5502.700000	22.029375
5504.150000	21.226069
5504.700000	20.926039
5505.650000	22.126159
5507.150000	21.429315
5508.650000	22.029375
5508.700000	22.029375
5510.150000	21.226069
5511.650000	20.926039
5513.150000	21.429315
5514.633333	22.232622
5516.150000	21.429315
5517.633333	22.232622
5519.150000	21.429315
5520.633333	22.232622
5522.133333	21.429315
5523.633333	21.129285
5525.133333	21.129285
5526.633333	21.429315
5526.700000	20.829255
5528.133333	20.732472
5528.700000	20.626009
5529.633333	21.526099
5531.133333	21.429315
5532.633333	21.729345
5532.700000	22.029375
5534.150000	21.226069
5535.650000	20.732472
5537.150000	21.429315
5538.633333	22.232622
5540.150000	21.429315
5541.633333	22.232622
5543.150000	21.429315
5544.633333	22.232622
5546.133333	21.429315
5547.633333	21.129285
5549.150000	21.129285
5550.650000	21.429315
5550.700000	21.129285
5552.150000	21.129285
5552.700000	20.732472
5553.650000	21.526099
5555.150000	21.226069
5556.650000	21.429315
5556.700000	21.826129
5558.150000	21.226069
5559.650000	20.732472
5561.150000	21.429315
5562.633333	22.232622
5564.150000	21.429315
5565.633333	22.232622
5567.150000	21.429315
5568.633333	22.232622
5570.133333	21.429315
5571.633333	21.129285
5573.150000	21.129285
5574.650000	21.429315
5574.700000	21.129285
5576.150000	21.332532
5576.700000	20.732472
5577.650000	21.526099
5579.150000	21.226069
5580.650000	21.729345
5580.700000	21.826129
5582.150000	21.332532
5583.650000	21.729345
5585.150000	21.429315
5586.633333	22.232622
5588.150000	21.429315
5589.633333	22.232622
5591.150000	21.226069
5592.633333	22.232622
5594.133333	21.429315
5595.633333	21.226069
5597.150000	21.129285
5598.650000	21.429315
5598.700000	21.129285
5600.150000	21.332532
5600.700000	20.732472
5601.650000	21.526099
5603.150000	21.226069
5604.650000	22.029375
5604.700000	21.826129
5606.150000	21.332532
5607.650000	21.826129
5609.150000	21.429315
5610.633333	22.232622
5612.150000	20.829255
5613.633333	22.232622
5615.150000	22.232622
5616.633333	22.232622
5618.133333	21.429315
5619.633333	21.226069
5621.150000	21.129285
5622.650000	22.029375
5622.700000	21.226069
5624.150000	21.332532
5624.700000	20.829255
5625.650000	21.826129
5627.150000	21.226069
5628.650000	22.029375
5628.700000	21.826129
5630.150000	21.429315
5631.650000	21.826129
5633.150000	21.429315
5634.633333	22.232622
5636.150000	20.829255
5637.633333	22.232622
5639.150000	21.332532
5640.650000	21.129285
5642.150000	20.829255
5643.633333	21.226069
5645.150000	21.129285
5646.650000	21.932592
5646.700000	21.226069
5648.150000	21.332532
5648.700000	20.926039
5649.650000	21.826129
5651.150000	21.226069
5652.650000	22.029375
5652.700000	21.526099
5654.150000	21.429315
5655.650000	21.826129
5657.150000	21.429315
5658.633333	22.232622
5660.150000	20.829255
5661.633333	22.232622
5663.150000	21.332532
5664.650000	21.129285
5666.150000	20.829255
5667.633333	21.226069
5669.150000	21.129285
5670.650000	21.826129
5670.700000	21.932592
5672.150000	21.332532
5672.700000	20.926039
5673.650000	22.232622
5675.150000	21.226069
5676.650000	21.826129
5676.700000	21.826129
5678.150000	21.332532
5679.650000	21.826129
5681.150000	21.429315
5682.633333	22.232622
5684.150000	20.829255
5685.633333	22.232622
5687.150000	21.332532
5688.650000	21.129285
5688.700000	25.426489
5689.133333	21.226069
5694.700000	22.232622
5695.283333	21.226069
5696.700000	21.032502
5696.783333	21.032502
5698.283333	20.926039
5699.783333	20.926039
5700.700000	20.732472
5701.283333	21.332532
5702.783333	21.526099
5704.283333	21.226069
5705.783333	21.526099
5706.700000	21.526099
5707.283333	21.226069
5708.783333	21.526099
5710.283333	21.226069
5711.783333	21.526099
5712.700000	21.526099
5713.283333	21.226069
5714.783333	21.526099
5716.283333	21.826129
5717.783333	21.826129
5718.700000	20.732472
5719.283333	21.226069
5720.700000	21.332532
5720.783333	21.032502
5722.283333	20.926039
5723.783333	20.926039
5724.700000	21.632562
5725.283333	22.126159
5726.783333	21.332532
5728.283333	21.226069
5729.783333	21.526099
5730.700000	21.526099
5731.283333	21.226069
5732.783333	20.732472
5734.283333	21.226069
5735.783333	21.226069
5736.700000	21.526099
5737.283333	21.226069
5738.783333	21.226069
5740.283333	21.826129
5741.783333	21.332532
5742.700000	20.732472
5743.283333	21.729345
5744.700000	21.226069
5744.783333	21.032502
5746.283333	20.926039
5747.783333	20.926039
5748.700000	20.732472
5749.283333	22.126159
5750.783333	21.332532
5752.283333	21.226069
5753.783333	21.526099
5754.700000	21.526099
5755.283333	21.226069
5756.783333	21.332532
5758.283333	21.226069
5759.783333	21.429315
5760.700000	21.226069
5761.283333	21.632562
5762.783333	21.332532
5764.283333	21.826129
5765.783333	21.332532
5766.700000	20.732472
5767.283333	21.729345
5768.700000	21.226069
5768.783333	21.032502
5770.283333	20.926039
5771.783333	20.926039
5772.700000	20.732472
5773.283333	22.126159
5774.783333	21.332532
5776.283333	21.226069
5777.783333	21.526099
5778.700000	21.526099
5779.283333	21.226069
5780.783333	21.332532
5782.283333	21.226069
5783.783333	21.429315
5784.700000	21.226069
5785.283333	21.632562
5786.783333	21.332532
5788.283333	21.729345
5789.783333	21.332532
5790.700000	20.829255
5791.283333	21.729345
5792.700000	21.332532
5792.783333	21.032502
5794.283333	21.729345
5795.783333	20.926039
5796.700000	20.829255
5797.283333	21.729345
5798.783333	21.332532
5800.283333	21.226069
5801.783333	21.526099
5802.700000	21.526099
5803.283333	21.226069
5804.783333	21.332532
5806.283333	21.226069
5807.783333	21.429315
5808.700000	21.226069
5809.283333	21.632562
5810.783333	21.332532
5812.283333	21.932592
5813.783333	21.932592
5814.700000	20.829255
5815.283333	21.729345
5816.700000	21.429315
5816.783333	21.032502
5818.283333	21.729345
5819.783333	20.926039
5820.700000	20.829255
5821.283333	21.429315
5822.783333	21.332532
5824.283333	21.226069
5825.783333	21.526099
5826.700000	21.526099
5827.283333	21.226069
5828.783333	21.332532
5830.283333	21.226069
5831.783333	21.429315
5832.700000	20.732472
5833.283333	21.632562
5834.783333	21.332532
5836.283333	21.932592
5837.783333	21.932592
5838.700000	21.526099
5839.283333	21.932592
5840.700000	21.429315
5840.783333	21.032502
5842.283333	21.729345
5843.783333	20.926039
5844.700000	20.926039
5845.283333	21.429315
5846.783333	21.332532
5848.283333	21.226069
5849.783333	21.526099
5850.700000	21.526099
5851.283333	21.226069
5852.783333	21.332532
5854.283333	21.226069
5855.783333	21.429315
5856.700000	20.732472
5857.283333	21.632562
5858.783333	21.332532
5860.283333	21.932592
5861.783333	21.932592
5862.700000	21.526099
5863.283333	21.932592
5864.700000	21.429315
5864.783333	21.032502
5866.283333	21.729345
5867.783333	20.926039
5868.700000	20.926039
5869.283333	21.429315
5870.783333	21.332532
5872.283333	21.226069
5873.783333	21.526099
5874.700000	21.032502
5875.283333	21.226069
5876.783333	21.332532
5878.283333	21.226069
5879.783333	21.429315
5880.700000	20.732472
5881.283333	21.632562
5882.783333	21.332532
5884.283333	21.226069
5885.783333	21.526099
5886.700000	21.032502
5887.283333	22.029375
5888.700000	22.029375
5888.783333	21.526099
5890.283333	21.932592
5891.783333	21.526099
5892.700000	21.226069
5893.283333	22.029375
5894.783333	21.526099
5896.283333	21.332532
5897.783333	21.632562
5898.700000	21.032502
5899.283333	22.029375
5900.783333	21.526099
5902.283333	22.126159
5903.783333	21.632562
5904.700000	21.032502
5905.283333	22.029375
5906.783333	21.332532
5908.283333	21.226069
5909.783333	21.332532
5910.700000	21.332532
5911.283333	21.226069
5912.700000	21.226069
5912.783333	21.526099
5914.283333	21.332532
5915.783333	21.526099
5916.700000	21.526099
5917.283333	22.029375
5918.783333	22.029375
