0.000000	188.136938
0.150000	186.201261
0.333333	184.265583
0.450000	183.297745
0.583333	182.329906
0.750000	182.329906
0.833333	181.362067
1.000000	181.362067
1.116667	181.362067
1.233333	180.394229
1.366667	180.394229
1.500000	180.394229
1.633333	179.426390
1.966667	179.426390
2.116667	179.426390
2.233333	178.458551
2.383333	178.458551
2.550000	178.458551
2.750000	178.458551
2.800000	178.458551
2.966667	178.458551
3.016667	178.458551
3.100000	178.458551
3.266667	177.490712
3.383333	177.490712
3.516667	177.490712
3.650000	177.490712
3.866667	177.490712
4.016667	177.490712
4.166667	176.522874
4.300000	176.522874
4.466667	176.522874
4.583333	176.522874
4.800000	176.522874
4.933333	176.522874
5.016667	176.522874
5.033333	176.522874
5.200000	175.555035
5.283333	175.555035
5.333333	175.555035
5.450000	175.555035
5.583333	175.555035
5.766667	175.555035
5.950000	175.555035
6.116667	175.555035
6.250000	175.555035
6.383333	175.555035
6.550000	175.555035
6.816667	175.555035
6.983333	175.555035
7.133333	174.587196
7.300000	174.587196
7.316667	174.587196
7.450000	174.587196
7.583333	174.587196
7.600000	174.587196
7.783333	174.587196
7.950000	174.587196
8.100000	174.587196
8.266667	174.587196
8.383333	174.587196
8.500000	174.587196
8.666667	174.587196
8.916667	174.587196
9.033333	174.587196
9.183333	173.619358
9.300000	173.619358
9.466667	173.619358
9.583333	173.619358
9.783333	173.619358
9.850000	173.619358
9.966667	173.619358
10.116667	173.619358
10.233333	173.619358
10.366667	173.619358
10.533333	173.619358
10.783333	173.619358
10.916667	173.619358
11.016667	172.651519
11.166667	172.651519
11.316667	172.651519
11.433333	172.651519
11.566667	172.651519
11.783333	172.651519
11.850000	172.651519
11.933333	172.651519
12.050000	172.651519
12.116667	172.651519
12.183333	172.651519
12.300000	172.651519
12.450000	172.651519
12.583333	172.651519
12.833333	172.651519
13.000000	172.651519
13.183333	172.651519
13.333333	172.651519
13.450000	172.651519
13.566667	171.683680
13.783333	171.683680
13.950000	171.683680
14.150000	171.683680
14.166667	171.683680
14.316667	171.683680
14.433333	171.683680
14.483333	171.683680
14.633333	171.683680
14.850000	171.683680
14.983333	171.683680
15.116667	171.683680
15.250000	171.683680
15.366667	171.683680
15.500000	171.683680
15.650000	171.683680
15.866667	171.683680
15.966667	171.683680
16.083333	171.683680
16.283333	171.683680
16.416667	171.683680
16.466667	171.683680
16.750000	171.683680
16.916667	171.683680
17.033333	171.683680
17.166667	171.683680
17.333333	170.715841
17.450000	170.715841
17.583333	170.715841
17.783333	170.715841
17.900000	170.715841
18.016667	170.715841
18.200000	170.715841
18.316667	170.715841
18.433333	170.715841
18.583333	170.715841
18.766667	170.715841
18.816667	170.715841
19.000000	170.715841
19.033333	170.715841
19.100000	170.715841
19.266667	170.715841
19.416667	170.715841
19.583333	170.715841
19.816667	170.715841
19.983333	170.715841
20.116667	170.715841
20.250000	170.715841
20.366667	170.715841
20.500000	170.715841
20.766667	170.715841
20.933333	169.748003
21.066667	169.748003
21.100000	169.748003
21.233333	169.748003
21.350000	169.748003
21.366667	169.748003
21.516667	169.748003
21.650000	169.748003
21.883333	169.748003
22.050000	169.748003
22.233333	169.748003
22.400000	169.748003
22.533333	169.748003
22.800000	169.748003
22.950000	169.748003
23.100000	169.748003
23.233333	169.748003
23.366667	169.748003
23.400000	169.748003
23.500000	169.748003
23.633333	169.748003
23.900000	169.748003
24.050000	169.748003
24.183333	169.748003
24.300000	169.748003
24.433333	169.748003
24.616667	169.748003
24.900000	169.748003
25.066667	169.748003
25.216667	169.748003
25.383333	169.748003
25.516667	169.748003
25.650000	169.748003
25.666667	169.748003
25.866667	169.748003
25.916667	169.748003
26.050000	169.748003
26.200000	169.748003
26.316667	169.748003
26.466667	169.748003
26.633333	168.780164
26.866667	168.780164
27.066667	168.780164
27.183333	168.780164
27.300000	168.780164
27.433333	168.780164
27.583333	168.780164
27.816667	168.780164
27.933333	168.780164
28.000000	168.780164
28.166667	168.780164
28.183333	168.780164
28.300000	168.780164
28.433333	168.780164
28.566667	168.780164
28.800000	168.780164
28.950000	168.780164
29.100000	168.780164
29.233333	168.780164
29.383333	168.780164
29.500000	168.780164
29.633333	168.780164
29.866667	168.780164
30.050000	168.780164
30.166667	168.780164
30.200000	168.780164
30.316667	168.780164
30.450000	168.780164
30.466667	168.780164
30.616667	168.780164
30.866667	168.780164
30.966667	168.780164
31.116667	168.780164
31.250000	168.780164
31.400000	168.780164
31.516667	168.780164
31.650000	168.780164
31.866667	168.780164
31.983333	168.780164
32.116667	168.780164
32.233333	168.780164
32.400000	168.780164
32.483333	168.780164
32.583333	168.780164
32.800000	168.780164
32.833333	168.780164
32.983333	168.780164
33.133333	168.780164
33.250000	168.780164
33.366667	168.780164
33.516667	168.780164
33.750000	168.780164
33.933333	167.812325
34.116667	167.812325
34.266667	167.812325
34.466667	167.812325
34.600000	167.812325
34.800000	167.812325
34.816667	167.812325
34.983333	167.812325
35.083333	167.812325
35.150000	167.812325
35.333333	167.812325
35.500000	167.812325
35.633333	167.812325
35.883333	167.812325
36.050000	167.812325
36.183333	167.812325
36.333333	167.812325
36.450000	167.812325
36.583333	167.812325
36.833333	167.812325
36.983333	167.812325
37.100000	167.812325
37.116667	167.812325
37.233333	167.812325
37.366667	167.812325
37.533333	167.812325
37.816667	167.812325
37.983333	167.812325
38.116667	167.812325
38.266667	166.844487
38.433333	167.812325
38.650000	167.812325
38.883333	167.812325
39.050000	167.812325
39.183333	166.844487
39.316667	166.844487
39.366667	166.844487
39.483333	166.844487
39.633333	166.844487
39.650000	166.844487
39.850000	167.812325
40.000000	167.812325
40.116667	167.812325
40.250000	166.844487
40.366667	166.844487
40.416667	166.844487
41.000000	167.812325
41.183333	166.844487
41.333333	166.844487
41.533333	166.844487
41.666667	166.844487
41.916667	166.844487
41.933333	166.844487
42.050000	166.844487
42.166667	166.844487
42.316667	166.844487
42.450000	166.844487
42.583333	166.844487
42.816667	166.844487
42.966667	166.844487
43.150000	166.844487
43.316667	166.844487
43.483333	166.844487
43.650000	166.844487
43.866667	166.844487
43.916667	166.844487
44.050000	166.844487
44.166667	166.844487
44.183333	166.844487
44.316667	166.844487
44.450000	166.844487
44.583333	166.844487
44.800000	166.844487
44.966667	166.844487
45.100000	166.844487
45.266667	166.844487
45.366667	166.844487
45.516667	166.844487
45.666667	166.844487
45.900000	166.844487
46.050000	166.844487
46.200000	166.844487
46.216667	166.844487
46.383333	166.844487
46.483333	166.844487
46.533333	166.844487
46.800000	166.844487
46.966667	166.844487
47.100000	166.844487
47.250000	166.844487
47.400000	165.876648
47.533333	165.876648
47.800000	166.844487
47.983333	166.844487
48.116667	166.844487
48.233333	166.844487
48.366667	166.844487
48.483333	166.844487
48.533333	166.844487
48.750000	166.844487
48.766667	166.844487
48.933333	166.844487
49.100000	166.844487
49.250000	166.844487
49.400000	166.844487
49.583333	166.844487
49.850000	165.876648
49.966667	166.844487
50.116667	166.844487
50.250000	166.844487
50.416667	166.844487
50.583333	166.844487
50.766667	166.844487
50.816667	165.876648
50.966667	166.844487
51.033333	166.844487
51.116667	166.844487
51.250000	166.844487
51.383333	166.844487
51.500000	166.844487
51.766667	165.876648
51.950000	165.876648
52.116667	165.876648
52.250000	165.876648
52.400000	165.876648
52.566667	165.876648
52.850000	165.876648
53.000000	165.876648
53.050000	165.876648
53.116667	165.876648
53.250000	165.876648
53.300000	165.876648
53.383333	165.876648
53.500000	164.908809
53.650000	164.908809
53.883333	164.908809
54.050000	165.876648
54.183333	165.876648
54.316667	165.876648
54.466667	165.876648
54.616667	164.908809
54.883333	164.908809
55.050000	164.908809
55.183333	164.908809
55.316667	164.908809
55.450000	164.908809
55.583333	164.908809
55.600000	164.908809
55.833333	164.908809
55.950000	164.908809
56.116667	164.908809
56.250000	164.908809
56.383333	164.908809
56.533333	164.908809
56.816667	164.908809
56.983333	164.908809
57.100000	164.908809
57.250000	164.908809
57.383333	164.908809
57.550000	164.908809
57.600000	164.908809
57.800000	164.908809
57.850000	164.908809
57.933333	164.908809
58.100000	164.908809
58.233333	164.908809
58.383333	164.908809
58.533333	164.908809
58.800000	164.908809
58.966667	164.908809
59.116667	164.908809
59.283333	164.908809
59.466667	164.908809
59.600000	164.908809
59.866667	164.908809
59.883333	164.908809
60.050000	164.908809
60.150000	164.908809
60.183333	164.908809
60.316667	164.908809
60.450000	164.908809
60.583333	164.908809
60.816667	163.940970
61.000000	164.908809
61.166667	164.908809
61.333333	164.908809
61.466667	164.908809
61.583333	164.908809
61.833333	163.940970
61.983333	164.908809
62.100000	164.908809
62.166667	164.908809
62.233333	164.908809
62.366667	164.908809
62.433333	164.908809
62.533333	163.940970
62.833333	163.940970
62.983333	163.940970
63.100000	164.908809
63.233333	164.908809
63.383333	164.908809
63.516667	163.940970
63.650000	163.940970
63.883333	163.940970
64.050000	163.940970
64.183333	164.908809
64.316667	164.908809
64.466667	164.908809
64.783333	164.908809
64.933333	163.940970
65.116667	163.940970
65.216667	163.940970
65.366667	163.940970
65.533333	163.940970
65.650000	163.940970
65.866667	163.940970
66.050000	163.940970
66.166667	163.940970
66.366667	163.940970
66.533333	163.940970
66.650000	163.940970
66.783333	163.940970
66.900000	163.940970
67.066667	163.940970
67.233333	163.940970
67.416667	163.940970
67.583333	163.940970
67.816667	163.940970
67.966667	163.940970
68.116667	163.940970
68.250000	163.940970
68.400000	163.940970
68.500000	163.940970
68.633333	163.940970
68.866667	163.940970
69.050000	163.940970
69.066667	163.940970
69.200000	163.940970
69.316667	163.940970
69.450000	163.940970
69.566667	163.940970
69.800000	163.940970
69.983333	163.940970
70.133333	163.940970
70.316667	163.940970
70.466667	163.940970
70.600000	162.973132
70.883333	163.940970
71.216667	163.940970
71.350000	163.940970
71.366667	163.940970
71.516667	162.973132
71.600000	162.973132
71.766667	162.973132
71.950000	163.940970
72.116667	163.940970
72.250000	163.940970
72.383333	162.973132
72.516667	162.973132
72.666667	162.973132
72.916667	162.973132
73.016667	162.973132
73.200000	163.940970
73.383333	162.973132
73.516667	162.973132
73.616667	162.973132
73.666667	162.973132
73.866667	162.973132
73.883333	162.973132
74.050000	162.973132
74.183333	162.973132
74.333333	162.973132
74.533333	162.973132
74.783333	162.973132
74.966667	162.973132
75.133333	162.973132
75.266667	162.973132
75.400000	162.973132
75.516667	162.973132
75.650000	162.973132
75.866667	162.973132
75.883333	162.973132
76.066667	162.973132
76.133333	162.973132
76.233333	162.973132
76.416667	162.973132
76.600000	162.973132
76.833333	162.973132
77.033333	162.973132
77.233333	162.973132
77.433333	162.973132
77.600000	162.973132
77.883333	162.973132
78.066667	162.973132
78.150000	162.973132
78.200000	162.973132
78.316667	162.973132
78.433333	162.973132
78.566667	162.973132
78.816667	162.973132
79.000000	162.973132
79.166667	162.973132
79.316667	162.973132
79.433333	162.973132
79.583333	162.973132
79.866667	162.973132
80.050000	162.973132
80.166667	162.973132
80.300000	162.973132
80.433333	162.973132
80.450000	162.973132
80.600000	162.005293
80.800000	162.005293
80.833333	162.973132
81.000000	162.973132
81.150000	162.973132
81.316667	162.973132
81.433333	162.005293
81.600000	162.005293
81.883333	162.973132
82.050000	162.973132
82.166667	162.973132
82.300000	162.973132
82.466667	162.005293
82.650000	162.005293
82.850000	162.005293
82.883333	162.973132
83.033333	162.973132
83.116667	162.973132
83.183333	162.005293
83.300000	162.005293
83.450000	162.005293
83.583333	162.005293
83.816667	162.005293
84.000000	162.005293
84.116667	162.005293
84.233333	161.037454
84.366667	161.037454
84.550000	161.037454
84.833333	161.037454
84.983333	161.037454
85.116667	161.037454
85.133333	161.037454
85.266667	161.037454
85.383333	161.037454
85.516667	161.037454
85.650000	161.037454
85.883333	161.037454
86.050000	160.069615
86.166667	161.037454
86.350000	161.037454
86.533333	161.037454
86.816667	160.069615
86.983333	161.037454
87.116667	161.037454
87.233333	161.037454
87.383333	161.037454
87.400000	161.037454
87.500000	161.037454
87.633333	161.037454
87.650000	161.037454
87.916667	161.037454
88.050000	161.037454
88.183333	161.037454
88.316667	161.037454
88.416667	161.037454
88.933333	161.037454
89.116667	161.037454
89.250000	161.037454
89.400000	161.037454
89.566667	160.069615
89.800000	160.069615
89.833333	160.069615
89.966667	160.069615
90.050000	160.069615
90.133333	161.037454
90.233333	161.037454
90.366667	161.037454
90.550000	161.037454
90.833333	160.069615
91.000000	160.069615
91.116667	161.037454
91.250000	161.037454
91.383333	161.037454
91.500000	160.069615
91.650000	160.069615
91.916667	160.069615
92.083333	160.069615
92.250000	160.069615
92.366667	160.069615
92.400000	160.069615
92.533333	160.069615
92.833333	160.069615
92.983333	160.069615
93.133333	159.101777
93.300000	159.101777
93.483333	160.069615
93.650000	160.069615
93.900000	159.101777
94.050000	160.069615
94.166667	160.069615
94.316667	160.069615
94.433333	160.069615
94.583333	159.101777
94.866667	160.069615
95.050000	160.069615
95.200000	160.069615
95.350000	160.069615
95.500000	160.069615
95.783333	160.069615
95.966667	160.069615
96.150000	160.069615
96.300000	160.069615
96.483333	160.069615
96.650000	160.069615
96.900000	160.069615
97.050000	160.069615
97.200000	160.069615
97.366667	160.069615
97.516667	160.069615
97.666667	160.069615
97.916667	160.069615
98.100000	160.069615
98.283333	160.069615
98.450000	159.101777
98.583333	159.101777
98.850000	160.069615
99.050000	160.069615
99.166667	160.069615
99.350000	159.101777
99.516667	159.101777
99.650000	159.101777
99.900000	160.069615
100.100000	160.069615
100.266667	159.101777
100.400000	159.101777
100.533333	159.101777
100.833333	160.069615
100.883333	160.069615
100.966667	160.069615
101.116667	159.101777
101.316667	159.101777
101.466667	159.101777
101.650000	159.101777
101.883333	159.101777
102.050000	159.101777
102.183333	159.101777
102.300000	159.101777
102.483333	159.101777
102.633333	159.101777
102.916667	159.101777
103.066667	159.101777
103.200000	159.101777
103.333333	159.101777
103.533333	159.101777
103.650000	159.101777
103.866667	159.101777
104.050000	159.101777
104.200000	159.101777
104.383333	159.101777
104.516667	159.101777
104.666667	159.101777
104.916667	159.101777
105.100000	159.101777
105.283333	159.101777
105.450000	159.101777
105.583333	159.101777
105.833333	159.101777
106.033333	159.101777
106.200000	159.101777
106.316667	159.101777
106.450000	159.101777
106.550000	159.101777
106.783333	159.101777
106.816667	159.101777
106.983333	159.101777
107.116667	159.101777
107.283333	159.101777
107.450000	159.101777
107.583333	159.101777
107.816667	159.101777
107.983333	159.101777
108.100000	159.101777
108.266667	159.101777
108.366667	159.101777
108.500000	159.101777
108.666667	159.101777
108.783333	159.101777
108.883333	158.133938
109.033333	158.133938
109.050000	158.133938
109.150000	158.133938
109.300000	158.133938
109.416667	159.101777
109.583333	159.101777
109.816667	159.101777
109.983333	159.101777
110.116667	159.101777
110.250000	159.101777
110.383333	159.101777
110.516667	159.101777
110.650000	159.101777
110.883333	159.101777
111.033333	159.101777
111.050000	159.101777
111.200000	158.133938
111.316667	158.133938
111.466667	158.133938
111.650000	158.133938
111.866667	159.101777
112.033333	158.133938
112.200000	158.133938
112.333333	158.133938
112.433333	158.133938
112.916667	158.133938
113.033333	158.133938
113.166667	158.133938
113.316667	158.133938
113.450000	158.133938
113.566667	158.133938
113.833333	158.133938
113.983333	158.133938
114.116667	158.133938
114.250000	158.133938
114.366667	158.133938
114.500000	158.133938
114.783333	158.133938
114.900000	158.133938
114.966667	158.133938
115.150000	158.133938
115.333333	158.133938
115.450000	158.133938
115.550000	158.133938
115.816667	158.133938
115.983333	158.133938
116.116667	158.133938
116.283333	158.133938
116.466667	158.133938
116.633333	158.133938
116.916667	158.133938
117.033333	158.133938
117.116667	158.133938
117.183333	158.133938
117.333333	158.133938
117.500000	158.133938
117.650000	158.133938
117.916667	158.133938
118.066667	158.133938
118.183333	158.133938
118.300000	158.133938
118.450000	158.133938
118.583333	158.133938
118.816667	158.133938
118.983333	158.133938
119.116667	158.133938
119.133333	158.133938
119.250000	158.133938
119.383333	158.133938
119.516667	158.133938
119.800000	158.133938
119.966667	158.133938
120.133333	158.133938
120.300000	158.133938
120.633333	158.133938
120.916667	158.133938
121.050000	158.133938
121.183333	158.133938
121.333333	158.133938
121.516667	158.133938
121.666667	158.133938
121.800000	158.133938
121.883333	158.133938
122.033333	158.133938
122.166667	158.133938
122.316667	158.133938
122.450000	158.133938
122.600000	158.133938
122.816667	158.133938
122.983333	158.133938
123.116667	158.133938
123.250000	157.166099
123.366667	157.166099
123.500000	158.133938
123.766667	158.133938
123.816667	158.133938
123.933333	158.133938
124.116667	157.166099
124.233333	157.166099
124.383333	157.166099
124.516667	158.133938
124.650000	158.133938
124.866667	157.166099
125.050000	157.166099
125.166667	157.166099
125.350000	157.166099
125.533333	157.166099
125.800000	157.166099
125.966667	157.166099
126.133333	157.166099
126.283333	157.166099
126.450000	157.166099
126.566667	157.166099
126.800000	157.166099
126.950000	157.166099
127.133333	157.166099
127.250000	157.166099
127.400000	157.166099
127.500000	157.166099
127.783333	157.166099
127.966667	157.166099
128.133333	157.166099
128.366667	158.133938
128.533333	158.133938
128.633333	157.166099
128.883333	157.166099
129.066667	157.166099
129.183333	157.166099
129.350000	157.166099
129.516667	157.166099
129.633333	158.133938
129.783333	158.133938
129.883333	157.166099
130.066667	157.166099
130.250000	157.166099
130.383333	157.166099
130.516667	157.166099
130.666667	157.166099
130.916667	157.166099
131.100000	157.166099
131.250000	157.166099
131.366667	157.166099
131.566667	157.166099
131.800000	157.166099
131.866667	157.166099
131.983333	157.166099
132.116667	157.166099
132.250000	157.166099
132.450000	157.166099
132.616667	157.166099
132.900000	156.198261
133.083333	156.198261
133.250000	155.230422
133.383333	156.198261
133.516667	156.198261
133.650000	156.198261
133.866667	156.198261
134.033333	156.198261
134.166667	156.198261
134.333333	157.166099
134.450000	157.166099
134.583333	156.198261
134.800000	156.198261
134.966667	156.198261
135.116667	156.198261
135.233333	157.166099
135.400000	157.166099
135.566667	156.198261
135.850000	157.166099
136.033333	157.166099
136.233333	156.198261
136.400000	156.198261
136.433333	156.198261
137.000000	156.198261
137.183333	156.198261
137.316667	156.198261
137.433333	156.198261
137.566667	156.198261
137.783333	156.198261
137.800000	157.166099
137.983333	157.166099
138.116667	156.198261
138.250000	156.198261
138.383333	156.198261
138.516667	156.198261
138.650000	156.198261
138.916667	156.198261
139.066667	156.198261
139.250000	155.230422
139.400000	154.262583
139.583333	153.294744
139.800000	154.262583
139.983333	155.230422
140.100000	155.230422
140.250000	155.230422
140.383333	156.198261
140.516667	156.198261
140.650000	156.198261
140.866667	156.198261
141.050000	156.198261
141.200000	156.198261
141.316667	156.198261
141.483333	156.198261
141.766667	156.198261
141.933333	156.198261
142.116667	156.198261
142.266667	156.198261
142.400000	156.198261
142.583333	156.198261
142.833333	156.198261
142.983333	156.198261
143.116667	156.198261
143.250000	156.198261
143.383333	156.198261
143.533333	156.198261
143.800000	156.198261
143.933333	156.198261
144.100000	156.198261
144.266667	156.198261
144.466667	156.198261
144.650000	156.198261
144.900000	156.198261
145.083333	156.198261
145.316667	156.198261
145.516667	156.198261
145.750000	156.198261
145.766667	156.198261
145.950000	156.198261
146.133333	156.198261
146.333333	156.198261
146.466667	156.198261
146.600000	156.198261
146.800000	156.198261
146.966667	156.198261
147.166667	156.198261
147.350000	156.198261
147.533333	156.198261
147.666667	156.198261
147.766667	156.198261
147.900000	156.198261
148.083333	156.198261
148.250000	156.198261
148.383333	156.198261
148.533333	156.198261
148.666667	156.198261
148.883333	154.262583
149.066667	154.262583
149.183333	154.262583
149.300000	153.294744
149.433333	153.294744
149.600000	154.262583
149.883333	155.230422
150.066667	155.230422
150.183333	155.230422
150.333333	155.230422
150.500000	155.230422
150.650000	155.230422
150.900000	155.230422
151.083333	155.230422
151.250000	155.230422
151.416667	155.230422
151.600000	155.230422
151.866667	155.230422
152.033333	155.230422
152.200000	155.230422
152.383333	155.230422
152.500000	155.230422
152.650000	156.198261
152.866667	155.230422
153.083333	155.230422
153.250000	156.198261
153.366667	156.198261
153.500000	156.198261
153.616667	156.198261
153.766667	156.198261
153.933333	156.198261
154.033333	156.198261
154.216667	156.198261
154.383333	156.198261
154.500000	156.198261
154.633333	156.198261
154.883333	155.230422
155.050000	155.230422
155.216667	155.230422
155.400000	155.230422
155.583333	156.198261
155.616667	156.198261
155.800000	156.198261
155.966667	155.230422
156.116667	155.230422
156.250000	155.230422
156.383333	155.230422
156.500000	155.230422
156.633333	155.230422
156.916667	155.230422
157.066667	156.198261
157.216667	156.198261
157.366667	155.230422
157.500000	155.230422
157.650000	155.230422
157.866667	155.230422
158.033333	155.230422
158.200000	155.230422
158.366667	155.230422
158.483333	155.230422
158.633333	155.230422
158.883333	155.230422
159.050000	155.230422
159.183333	155.230422
159.316667	154.262583
159.433333	153.294744
159.600000	153.294744
159.816667	154.262583
160.000000	154.262583
160.183333	154.262583
160.316667	155.230422
160.433333	155.230422
160.933333	155.230422
161.133333	155.230422
161.300000	155.230422
161.483333	155.230422
161.666667	155.230422
161.766667	155.230422
161.933333	155.230422
162.116667	155.230422
162.233333	155.230422
162.400000	155.230422
162.516667	155.230422
162.633333	155.230422
162.883333	155.230422
163.050000	155.230422
163.233333	155.230422
163.366667	155.230422
163.550000	155.230422
163.800000	155.230422
163.816667	155.230422
163.983333	155.230422
164.116667	155.230422
164.250000	155.230422
164.400000	155.230422
164.583333	155.230422
164.800000	155.230422
164.950000	155.230422
165.133333	155.230422
165.333333	155.230422
165.533333	155.230422
165.650000	155.230422
165.866667	155.230422
165.983333	155.230422
166.116667	155.230422
166.250000	155.230422
166.400000	155.230422
166.566667	155.230422
166.783333	155.230422
166.966667	155.230422
167.166667	155.230422
167.350000	155.230422
167.533333	155.230422
167.816667	155.230422
168.000000	154.262583
168.116667	154.262583
168.266667	155.230422
168.433333	154.262583
168.600000	154.262583
168.883333	155.230422
169.050000	155.230422
169.200000	155.230422
169.366667	154.262583
169.516667	154.262583
169.766667	155.230422
169.933333	155.230422
170.100000	155.230422
170.250000	155.230422
170.400000	155.230422
170.583333	155.230422
170.783333	155.230422
170.950000	155.230422
171.116667	155.230422
171.266667	155.230422
171.466667	155.230422
171.600000	155.230422
171.800000	155.230422
171.866667	155.230422
172.050000	155.230422
172.183333	155.230422
172.316667	155.230422
172.450000	155.230422
172.583333	155.230422
172.816667	155.230422
172.983333	154.262583
173.116667	153.294744
173.250000	152.326906
173.383333	152.326906
173.516667	153.294744
173.750000	153.294744
173.933333	153.294744
174.050000	154.262583
174.166667	154.262583
174.316667	154.262583
174.450000	154.262583
174.583333	154.262583
174.800000	154.262583
174.933333	154.262583
175.100000	154.262583
175.266667	154.262583
175.383333	154.262583
175.516667	154.262583
175.650000	154.262583
175.883333	154.262583
176.083333	154.262583
176.266667	155.230422
176.450000	154.262583
176.566667	154.262583
176.800000	154.262583
176.983333	154.262583
177.100000	154.262583
177.250000	155.230422
177.383333	154.262583
177.500000	154.262583
177.650000	154.262583
177.766667	154.262583
177.900000	155.230422
178.100000	154.262583
178.283333	154.262583
178.483333	154.262583
178.766667	154.262583
178.950000	154.262583
179.133333	154.262583
179.316667	154.262583
191.666667	153.002302
215.666667	152.131248
239.666667	151.260193
263.666667	150.873057
287.666667	149.905219
311.666667	148.937380
335.666667	148.066325
359.666667	147.292054
383.666667	146.614567
407.666667	145.937080
431.666667	145.453160
455.666667	144.388538
479.666667	143.420699
503.666667	142.549644
527.666667	142.356077
551.666667	141.291454
575.666667	140.517183
599.666667	140.033264
623.666667	139.258993
647.666667	138.871857
671.666667	138.291154
695.666667	137.420099
719.666667	136.645828
743.666667	136.549044
767.666667	135.581206
791.666667	135.097286
815.666667	134.710151
839.666667	137.613667
863.666667	135.484422
887.666667	134.032664
959.666667	132.677689
983.666667	132.387338
1007.666667	131.903418
1031.666667	131.419499
1055.666667	130.645228
1079.666667	130.548444
1103.666667	130.354876
1127.666667	129.774173
1175.666667	129.483822
1199.666667	130.935580
1223.666667	131.129147
1271.666667	131.419499
1295.666667	135.968341
1319.666667	128.806335
1343.666667	128.322415
1367.666667	127.257793
1391.666667	126.773873
1415.666667	126.483522
1463.666667	125.515683
1487.666667	125.128547
1535.666667	124.741412
1559.666667	124.644628
1583.666667	123.967141
1607.666667	124.354276
1631.666667	123.773573
1655.666667	128.032064
1679.666667	125.031764
1703.666667	126.677089
1727.666667	124.547844
1751.666667	124.063925
1775.666667	123.483222
1823.666667	122.902518
1847.666667	122.515383
1871.666667	122.515383
1895.666667	122.225031
1919.666667	122.225031
1943.666667	122.128247
1967.666667	122.031463
2015.666667	122.225031
2039.666667	121.934680
2063.666667	121.547544
2087.666667	121.257193
2111.666667	121.257193
2135.666667	124.741412
2159.666667	123.483222
2207.666667	123.096086
2231.666667	123.096086
2255.666667	122.805734
2279.666667	122.612167
