0.000000	145.624167
24.000000	212.888958
48.000000	190.241532
72.000000	180.853496
96.000000	173.110787
120.000000	169.432999
144.000000	162.948480
168.000000	156.076825
192.000000	148.334115
216.000000	141.559244
240.000000	134.881157
264.000000	132.074425
288.000000	131.590506
312.000000	130.041964
336.000000	129.461260
360.000000	129.170909
384.000000	128.590206
408.000000	129.848396
432.000000	130.332315
456.000000	131.880857
480.000000	132.558344
504.000000	131.493722
528.000000	130.719451
552.000000	129.751612
576.000000	126.170609
600.000000	124.138147
624.000000	123.654228
648.000000	123.170309
672.000000	120.266793
696.000000	119.976441
720.000000	120.750712
744.000000	121.234631
768.000000	121.041064
792.000000	120.847496
816.000000	120.750712
840.000000	120.944280
864.000000	120.363576
888.000000	119.492522
912.000000	123.267093
936.000000	118.234331
960.000000	113.879057
984.000000	112.717651
1008.000000	111.362676
1032.000000	111.072325
1056.000000	110.975541
1080.000000	111.072325
1104.000000	110.588405
1128.000000	110.104486
1152.000000	109.814134
1176.000000	109.523783
1200.000000	109.136647
1224.000000	109.523783
1248.000000	107.007402
1272.000000	105.942780
1296.000000	101.684289
1320.000000	105.362076
1344.000000	104.587805
1368.000000	103.716750
1392.000000	103.232831
1416.000000	101.393938
1440.000000	99.555044
1464.000000	100.619667
1488.000000	99.845396
1512.000000	97.716150
1536.000000	96.651528
1560.000000	97.232231
1584.000000	96.457960
1608.000000	95.877257
1632.000000	96.070825
1656.000000	95.877257
1680.000000	95.974041
1704.000000	95.780473
1728.000000	95.199770
1752.000000	95.296554
1776.000000	94.328715
1800.000000	94.135147
1824.000000	93.554444
1848.000000	92.973741
1872.000000	92.973741
