0.000000	279.734506
1.000000	275.034681
2.000000	270.934916
3.000000	267.334556
4.000000	264.634286
5.083333	262.734419
5.916667	261.934016
7.750000	260.334179
9.750000	256.934161
11.500000	254.634577
11.666667	254.334547
12.000000	251.734932
22.083333	240.534134
22.750000	239.634044
24.250000	237.834832
26.416667	235.534279
27.916667	234.134785
30.083333	232.234917
32.750000	230.035020
34.750000	228.334527
36.750000	226.734690
38.750000	225.434882
39.750000	225.034197
42.250000	222.534270
44.250000	220.834745
46.250000	218.834222
48.083333	217.035010
50.166667	215.234830
52.250000	213.334963
53.833333	212.534560
55.916667	210.634693
58.033333	209.334885
60.083333	207.834735
61.916667	206.434273
64.083333	204.834435
65.916667	203.534628
68.750000	201.734448
71.750000	199.934268
73.750000	198.735116
75.750000	198.034400
77.750000	196.934936
80.083333	196.034846
82.083333	195.134756
83.750000	194.534696
85.250000	193.934636
85.916667	193.634606
88.000000	192.734516
89.750000	191.935081
91.750000	191.134678
93.750000	190.434931
95.750000	189.634528
97.750000	188.734438
99.750000	187.834348
101.750000	187.234288
104.083333	186.334198
107.250000	186.134823
108.250000	184.835016
109.416667	184.334643
110.916667	183.934926
111.750000	183.634896
114.166667	183.034836
115.750000	182.635119
118.000000	182.134746
119.916667	181.634373
122.083333	181.034313
123.916667	180.534908
125.416667	180.134223
126.083333	180.034536
128.166667	179.334788
130.000000	178.734728
132.416667	178.234356
134.166667	177.834638
135.750000	177.534608
138.083333	177.634296
139.916667	176.735174
141.916667	176.334488
143.833333	176.034458
145.916667	175.634741
147.750000	175.134368
150.083333	174.634964
153.083333	173.934248
154.250000	173.634218
156.250000	172.735096
156.516667	172.735096
157.016667	181.434998
157.250000	182.834493
158.166667	187.034913
158.766667	191.335021
159.033333	194.634383
164.033333	199.934268
165.000000	196.834280
167.083333	189.734216
169.000000	185.934481
169.750000	187.734661
172.000000	191.034991
173.750000	193.034546
187.616667	252.234336
189.500000	233.734099
192.250000	216.834667
193.750000	209.734603
195.750000	202.734225
197.833333	196.234220
200.750000	189.434186
203.750000	186.834571
206.916667	185.334421
209.833333	184.434331
215.750000	182.234433
239.750000	180.934626
263.750000	179.535131
287.750000	178.134668
311.750000	177.034236
335.750000	176.334488
359.750000	175.535054
383.750000	174.834338
407.750000	174.534308
431.750000	174.134591
455.750000	173.734874
479.750000	173.035126
503.750000	170.934916
527.750000	169.734796
551.750000	169.534454
575.750000	167.135181
599.750000	166.634809
623.750000	166.334779
647.750000	166.034749
671.750000	165.834406
695.750000	165.734719
719.750000	165.635031
743.750000	165.534376
767.750000	165.434689
791.750000	165.335001
815.750000	165.234346
839.750000	165.034971
863.750000	164.834629
887.750000	164.734941
911.750000	164.634286
935.750000	164.334256
959.750000	164.134881
983.750000	163.534821
1007.750000	160.134804
1031.750000	159.634431
1055.750000	159.834774
1079.750000	160.134804
1103.750000	161.234269
1127.750000	161.834329
1151.750000	162.034671
1175.750000	162.134359
1199.750000	162.235014
1223.750000	162.434389
1247.750000	162.334701
1271.750000	160.635177
1295.750000	159.934461
1319.750000	159.735087
1343.750000	160.134804
1367.750000	162.034671
1391.750000	162.835074
1415.750000	163.135104
1439.750000	159.135027
1463.750000	156.834474
1487.750000	158.334624
1511.750000	155.034294
1535.750000	153.734487
1559.750000	153.434457
1583.750000	152.935052
1607.750000	153.934829
1631.750000	150.934529
1655.750000	148.634944
1679.750000	148.235227
1703.750000	147.534512
1727.750000	147.335137
1751.750000	147.234482
1775.750000	146.934452
1799.750000	146.735077
1823.750000	146.735077
1847.750000	146.534734
1871.750000	146.234704
1895.750000	145.934674
1919.750000	147.935197
1943.750000	167.434244
1967.750000	160.635177
1991.750000	168.334334
2015.750000	145.334614
2039.750000	136.134339
2063.750000	166.034749
2087.750000	141.135162
2111.750000	129.234617
2135.750000	125.134852
2159.750000	129.134930
2183.750000	156.335069
2207.750000	144.134494
2303.750000	125.434882
2327.750000	135.235217
2351.750000	129.734990
2375.750000	122.535238
2399.750000	120.134998
2423.750000	118.934878
2447.750000	118.434505
2471.750000	117.635070
2495.750000	117.134697
2519.750000	116.635293
2543.750000	116.534637
2567.750000	116.335263
2591.750000	115.934577
2615.750000	115.834890
2639.750000	115.735203
2663.750000	116.534637
2687.750000	116.734980
2711.750000	116.834667
2735.750000	116.635293
2759.750000	116.335263
2783.750000	116.234607
2807.750000	116.234607
2831.750000	116.134920
2855.750000	116.035233
2879.750000	116.035233
2903.750000	116.035233
2927.750000	116.234607
2951.750000	115.934577
2975.750000	115.735203
2999.750000	115.634547
3023.750000	115.634547
3047.750000	115.334517
3071.750000	114.334740
3095.750000	114.434427
3119.750000	113.835335
3143.750000	113.634993
3167.750000	114.634770
3191.750000	115.334517
3215.750000	115.735203
3239.750000	116.335263
3263.750000	115.834890
3287.750000	117.134697
3311.750000	118.535160
3335.750000	119.234908
3359.750000	119.334595
3383.750000	119.534938
3407.750000	120.035310
3431.750000	122.334895
3455.750000	127.434437
3479.750000	129.134930
3503.750000	123.934732
3527.750000	122.835268
3551.750000	122.235208
3575.750000	121.134775
3599.750000	119.934655
3623.750000	119.334595
3647.750000	120.234685
3671.750000	118.734535
3695.750000	116.834667
3719.750000	115.435173
3743.750000	114.535083
3767.750000	114.235053
3791.750000	114.034710
3815.750000	113.734680
3839.750000	113.634993
3863.750000	113.434650
3887.750000	113.134620
3911.750000	113.334963
3935.750000	113.334963
3959.750000	113.235275
3983.750000	113.034933
4007.750000	112.635215
4031.750000	112.434873
4055.750000	112.234530
4079.750000	114.034710
4103.750000	114.835113
4127.750000	114.235053
4151.750000	114.434427
4175.750000	116.734980
4199.750000	116.234607
4223.750000	114.734457
4247.750000	114.034710
4271.750000	113.634993
4295.750000	113.235275
4319.750000	113.034933
4343.750000	113.034933
4367.750000	112.935245
4391.750000	113.034933
4463.750000	111.934500
4487.750000	111.334440
4511.750000	110.435318
4535.750000	110.435318
4559.750000	110.634693
4583.750000	110.735348
4607.750000	110.934723
4631.750000	111.034410
4655.750000	110.234975
4679.750000	109.634915
4703.750000	109.934945
4727.750000	110.034633
4751.750000	111.534783
4775.750000	111.234753
4799.750000	110.234975
4823.750000	109.734603
