0.000000	193.823736
24.000000	156.465162
48.000000	123.365077
72.000000	95.684890
96.000000	87.748612
120.000000	80.876958
144.000000	75.166709
168.000000	71.682490
192.000000	69.746812
216.000000	68.682190
240.000000	68.004703
264.000000	68.778974
288.000000	67.520783
312.000000	66.359377
336.000000	66.359377
360.000000	66.359377
384.000000	65.778674
408.000000	65.391538
432.000000	64.520483
456.000000	62.584806
480.000000	62.004103
504.000000	61.520183
528.000000	86.877558
552.000000	77.489522
576.000000	76.134548
600.000000	96.168809
624.000000	73.618167
648.000000	102.750113
672.000000	98.975542
696.000000	82.522283
720.000000	77.295954
744.000000	74.392438
768.000000	65.875457
792.000000	70.133948
816.000000	100.330516
840.000000	92.974942
864.000000	64.230132
888.000000	52.519283
912.000000	48.938280
936.000000	47.389738
960.000000	46.615467
984.000000	47.196170
1008.000000	53.971041
1032.000000	57.358477
1056.000000	58.616667
1080.000000	58.713451
1104.000000	59.100586
1128.000000	84.941880
1152.000000	83.586906
1176.000000	71.779274
1200.000000	102.169409
1224.000000	112.525284
1248.000000	86.683990
1272.000000	85.619367
1296.000000	84.457961
1320.000000	83.683690
1344.000000	82.135148
1368.000000	81.844796
1392.000000	81.748012
1416.000000	81.360877
1440.000000	81.748012
1464.000000	81.070525
1488.000000	80.780174
1512.000000	80.586606
1536.000000	80.393038
1560.000000	79.909119
1584.000000	79.521983
1608.000000	78.941280
1632.000000	79.715551
1656.000000	79.134848
1680.000000	79.328416
1704.000000	79.134848
1728.000000	79.134848
1752.000000	79.328416
1776.000000	79.134848
1800.000000	79.134848
1824.000000	78.941280
1848.000000	79.134848
1872.000000	79.231632
1896.000000	78.941280
1920.000000	78.941280
1944.000000	78.650929
1968.000000	71.779274
1992.000000	78.360577
2016.000000	77.973441
2040.000000	78.554145
2064.000000	78.457361
2088.000000	78.747712
2112.000000	78.457361
2136.000000	78.167009
2160.000000	78.360577
2184.000000	78.650929
2208.000000	78.650929
2232.000000	78.070225
2256.000000	78.747712
2280.000000	78.650929
2304.000000	78.360577
2328.000000	78.457361
2352.000000	78.457361
2376.000000	78.070225
2400.000000	77.392738
2424.000000	78.070225
2448.000000	77.683090
2472.000000	77.876658
2544.000000	77.489522
2568.000000	77.199170
2592.000000	77.199170
2616.000000	77.199170
2640.000000	77.199170
2664.000000	77.199170
2688.000000	77.005603
2712.000000	76.521683
2736.000000	76.424899
2760.000000	76.134548
2784.000000	76.134548
2808.000000	76.424899
2832.000000	78.844496
2856.000000	76.134548
2880.000000	74.779574
2904.000000	73.811735
2928.000000	73.811735
2952.000000	73.037464
2976.000000	73.037464
3000.000000	73.424599
3024.000000	72.747112
3048.000000	72.650328
3072.000000	72.166409
3096.000000	73.037464
3120.000000	72.166409
3144.000000	71.682490
3168.000000	71.779274
3192.000000	71.488922
3216.000000	71.488922
3240.000000	71.198570
3264.000000	70.230732
3288.000000	70.811435
3312.000000	70.617867
3336.000000	70.714651
3360.000000	69.940380
3384.000000	70.521083
3408.000000	69.843596
3432.000000	69.456461
3456.000000	69.843596
3480.000000	70.327516
3504.000000	70.327516
3528.000000	70.133948
3552.000000	69.166109
3576.000000	69.650028
3600.000000	69.553245
3624.000000	69.262893
3648.000000	69.650028
3672.000000	69.746812
3696.000000	70.327516
3720.000000	70.327516
3744.000000	70.327516
3768.000000	70.811435
3792.000000	70.327516
3816.000000	70.714651
3840.000000	70.714651
3864.000000	71.198570
3888.000000	69.746812
3912.000000	61.520183
3936.000000	58.810235
3960.000000	57.939180
3984.000000	56.680990
4008.000000	56.197070
4032.000000	56.100286
4056.000000	55.906719
4080.000000	55.616367
4104.000000	55.713151
4128.000000	55.713151
4152.000000	55.713151
4176.000000	55.713151
4200.000000	55.616367
4224.000000	55.713151
4248.000000	56.003502
4272.000000	55.713151
4296.000000	55.809935
4320.000000	56.100286
4344.000000	55.713151
4368.000000	55.906719
4392.000000	55.809935
4416.000000	55.906719
4440.000000	56.197070
4464.000000	56.003502
4488.000000	56.293854
4512.000000	56.100286
4536.000000	55.906719
4560.000000	56.003502
4584.000000	56.003502
4608.000000	56.487422
4632.000000	56.390638
4656.000000	56.487422
4680.000000	56.584206
4704.000000	56.390638
4728.000000	56.293854
4752.000000	56.197070
4776.000000	56.197070
4800.000000	56.003502
4824.000000	56.197070
4848.000000	55.809935
4872.000000	56.197070
4896.000000	56.197070
4920.000000	56.487422
4944.000000	56.487422
4968.000000	56.390638
4992.000000	56.003502
5016.000000	56.777773
5040.000000	56.197070
5064.000000	56.003502
5088.000000	55.906719
5112.000000	56.100286
5136.000000	55.519583
5160.000000	56.777773
5184.000000	56.390638
5208.000000	56.584206
5232.000000	56.100286
5256.000000	56.197070
5280.000000	55.616367
5304.000000	56.293854
5328.000000	56.100286
5352.000000	56.390638
5376.000000	55.809935
5400.000000	56.584206
5424.000000	56.293854
5448.000000	56.390638
5472.000000	56.390638
5496.000000	56.584206
5520.000000	56.390638
5544.000000	56.003502
5568.000000	56.487422
5592.000000	56.100286
5616.000000	56.197070
5640.000000	55.906719
5664.000000	56.197070
5688.000000	56.584206
5712.000000	56.100286
5736.000000	56.584206
5760.000000	56.100286
5784.000000	56.680990
5808.000000	56.390638
5832.000000	56.390638
5856.000000	56.680990
5880.000000	56.874557
5904.000000	56.390638
5928.000000	56.680990
5952.000000	56.293854
5976.000000	56.680990
6000.000000	56.584206
6024.000000	56.487422
6048.000000	56.584206
6072.000000	56.680990
6096.000000	56.971341
6120.000000	56.487422
6144.000000	56.487422
6168.000000	56.584206
6192.000000	56.971341
6216.000000	56.584206
6240.000000	56.197070
6264.000000	56.874557
6288.000000	56.197070
6312.000000	56.777773
6336.000000	56.971341
6360.000000	57.842396
6384.000000	57.648828
6408.000000	57.745612
6432.000000	57.455261
6456.000000	57.455261
6480.000000	57.455261
6504.000000	57.745612
6528.000000	56.777773
6552.000000	57.745612
6576.000000	57.068125
6600.000000	57.164909
6624.000000	57.552044
6648.000000	57.455261
6672.000000	57.455261
6696.000000	56.971341
6720.000000	57.455261
6744.000000	57.164909
6768.000000	57.068125
6792.000000	57.455261
6816.000000	57.455261
6840.000000	57.455261
6864.000000	57.164909
6888.000000	57.745612
6912.000000	57.261693
6936.000000	57.552044
6960.000000	57.358477
6984.000000	57.745612
7008.000000	56.971341
7032.000000	57.164909
7056.000000	56.874557
7080.000000	57.261693
7104.000000	56.971341
7128.000000	57.164909
7152.000000	57.358477
7176.000000	56.971341
7200.000000	57.358477
7224.000000	57.261693
7248.000000	56.874557
7272.000000	57.358477
7296.000000	57.164909
7320.000000	57.261693
7344.000000	57.261693
7368.000000	56.971341
7392.000000	57.745612
7416.000000	58.132748
7440.000000	58.616667
7464.000000	57.745612
7488.000000	57.939180
7512.000000	63.939780
7536.000000	71.005003
7560.000000	70.811435
7584.000000	70.714651
7608.000000	71.682490
7632.000000	72.940680
7656.000000	73.134248
7680.000000	73.618167
7704.000000	74.005303
7728.000000	74.295654
7752.000000	74.489222
7776.000000	74.198870
7800.000000	74.973141
7824.000000	75.166709
7848.000000	75.263493
7872.000000	74.973141
7896.000000	75.263493
7920.000000	75.263493
7944.000000	75.263493
7968.000000	75.263493
7992.000000	75.553845
8016.000000	75.553845
8040.000000	75.844196
8064.000000	76.231332
8088.000000	76.134548
8112.000000	76.715251
8136.000000	77.199170
8160.000000	77.102387
8184.000000	77.295954
8208.000000	77.005603
8232.000000	77.295954
8256.000000	77.005603
8280.000000	77.199170
8304.000000	78.554145
8328.000000	77.973441
8352.000000	77.199170
8376.000000	79.038064
8400.000000	78.844496
8424.000000	79.521983
8448.000000	79.231632
8472.000000	79.328416
8496.000000	79.231632
8520.000000	79.618767
8544.000000	84.361177
8568.000000	73.037464
8592.000000	63.068725
8616.000000	60.165209
8640.000000	57.939180
8664.000000	56.971341
8688.000000	56.390638
8712.000000	55.809935
8736.000000	55.422799
8760.000000	56.680990
8784.000000	57.068125
8808.000000	56.487422
8832.000000	56.777773
8856.000000	56.874557
8880.000000	56.971341
8904.000000	56.293854
8928.000000	56.777773
8952.000000	56.487422
8976.000000	56.971341
9000.000000	57.068125
9024.000000	58.132748
9048.000000	57.745612
9072.000000	57.455261
9096.000000	57.164909
9120.000000	57.164909
9144.000000	57.164909
9168.000000	54.938880
9192.000000	52.422499
9216.000000	51.938580
9240.000000	51.938580
9264.000000	51.648228
9288.000000	52.132148
9312.000000	51.938580
9336.000000	51.261093
9360.000000	51.648228
9384.000000	51.067525
9408.000000	50.486822
9432.000000	51.454660
9456.000000	50.873957
9480.000000	51.164309
9504.000000	50.099686
9528.000000	50.390038
9552.000000	50.583606
9576.000000	50.390038
9600.000000	50.486822
9624.000000	50.583606
9648.000000	50.293254
9672.000000	50.486822
9696.000000	50.680390
9720.000000	50.777173
9744.000000	50.777173
9768.000000	50.390038
9792.000000	50.777173
9816.000000	50.873957
9840.000000	50.680390
9864.000000	50.873957
9888.000000	50.777173
9912.000000	50.873957
9936.000000	50.873957
9960.000000	50.777173
9984.000000	51.357877
10008.000000	51.067525
10032.000000	50.777173
10056.000000	51.357877
10080.000000	51.454660
10104.000000	50.873957
10128.000000	51.551444
10152.000000	51.454660
10176.000000	51.454660
10200.000000	51.841796
10224.000000	51.745012
10248.000000	51.841796
10272.000000	52.035364
10296.000000	52.035364
10320.000000	52.035364
10344.000000	51.745012
10368.000000	51.551444
10392.000000	52.035364
10416.000000	51.938580
10440.000000	51.745012
10464.000000	51.648228
10488.000000	52.035364
10512.000000	51.841796
10536.000000	51.841796
10560.000000	52.035364
10584.000000	52.422499
10608.000000	52.035364
10632.000000	52.132148
10656.000000	52.325715
10680.000000	52.519283
10704.000000	52.228931
10728.000000	52.228931
10752.000000	52.809635
10776.000000	53.003202
10800.000000	53.003202
10824.000000	52.325715
10848.000000	53.099986
10872.000000	53.390338
10896.000000	52.809635
10920.000000	53.293554
10944.000000	52.906419
10968.000000	52.906419
10992.000000	53.196770
11016.000000	52.906419
11040.000000	53.487122
11064.000000	53.293554
11088.000000	53.680690
11112.000000	53.777473
11136.000000	53.390338
11160.000000	54.164609
11184.000000	53.680690
11208.000000	54.164609
11232.000000	54.745312
11256.000000	54.164609
11280.000000	54.067825
11304.000000	54.842096
11328.000000	54.067825
11352.000000	54.745312
11376.000000	54.454961
11400.000000	54.261393
11424.000000	53.680690
11448.000000	54.067825
11472.000000	53.680690
11496.000000	54.358177
11520.000000	53.971041
11544.000000	54.067825
11568.000000	54.358177
11592.000000	54.358177
11616.000000	53.680690
11640.000000	53.874257
11664.000000	54.261393
11688.000000	54.164609
11712.000000	54.358177
11736.000000	54.261393
11760.000000	54.648528
11784.000000	54.648528
11808.000000	54.938880
11832.000000	54.648528
11856.000000	54.358177
11880.000000	54.358177
11904.000000	54.648528
11928.000000	54.551744
11952.000000	55.035664
11976.000000	54.842096
12000.000000	55.229232
12024.000000	55.229232
12048.000000	54.842096
12072.000000	55.422799
12096.000000	54.551744
12120.000000	54.938880
12144.000000	54.938880
12168.000000	55.132448
12192.000000	54.842096
12216.000000	55.229232
12240.000000	54.842096
12264.000000	55.035664
12288.000000	56.003502
12312.000000	55.035664
12336.000000	55.035664
12360.000000	54.745312
12384.000000	54.842096
12408.000000	55.519583
12432.000000	55.035664
12456.000000	55.422799
12480.000000	55.713151
12504.000000	55.713151
12528.000000	55.809935
12552.000000	55.809935
12576.000000	55.035664
12600.000000	56.100286
12624.000000	56.584206
12648.000000	55.326015
12672.000000	55.906719
12696.000000	55.326015
12720.000000	55.713151
12744.000000	55.229232
12768.000000	55.713151
12792.000000	56.100286
12816.000000	55.713151
12840.000000	55.519583
12864.000000	56.100286
12888.000000	55.809935
12912.000000	55.906719
12936.000000	55.809935
12960.000000	56.100286
12984.000000	56.487422
13008.000000	56.003502
13032.000000	55.906719
13056.000000	56.100286
13080.000000	55.906719
13104.000000	55.906719
13128.000000	56.487422
13152.000000	56.293854
13176.000000	55.809935
13200.000000	56.100286
13224.000000	56.003502
13248.000000	55.809935
13272.000000	55.616367
13296.000000	55.809935
13320.000000	55.713151
13344.000000	55.713151
13368.000000	55.906719
13392.000000	55.809935
13416.000000	55.809935
13440.000000	55.422799
13464.000000	56.003502
13488.000000	52.616067
13512.000000	51.164309
13536.000000	50.777173
